0.000000e+00 0.000000e+00
3.000000e-01 -7.888944e-05
6.000000e-01 -5.939726e-05
9.000000e-01 -1.859826e-04
1.200000e+00 1.422059e-04
1.500000e+00 -2.435992e-05
1.800000e+00 -2.892435e-05
2.100000e+00 -4.020538e-05
2.400000e+00 2.972130e-05
2.700000e+00 -4.426839e-05
3.000000e+00 1.994491e-04
3.300000e+00 8.931563e-05
3.600000e+00 5.005137e-06
3.900000e+00 -1.013638e-05
4.200000e+00 1.165688e-05
4.500000e+00 3.386347e-06
4.800000e+00 5.260734e-05
5.100000e+00 7.588982e-05
5.400000e+00 9.316420e-05
5.700000e+00 3.574293e-05
6.000000e+00 -1.820881e-04
6.300000e+00 7.532132e-05
6.600000e+00 -4.729704e-04
6.900000e+00 1.608492e-06
7.200000e+00 6.670085e-07
7.500000e+00 3.036821e-06
7.800000e+00 2.400852e-05
8.100000e+00 9.272218e-06
8.400000e+00 4.179044e-04
8.700000e+00 3.596538e-04
9.000000e+00 -4.125437e-06
9.300000e+00 -5.386393e-05
9.600000e+00 -2.174120e-04
9.900000e+00 -3.111669e-05
1.020000e+01 -6.248794e-06
1.050000e+01 1.624797e-06
1.080000e+01 4.883309e-06
1.110000e+01 -2.828174e-05
1.140000e+01 4.039238e-04
1.170000e+01 8.455295e-06
1.200000e+01 -1.765763e-04
1.230000e+01 -3.041204e-05
1.260000e+01 1.631775e-04
1.290000e+01 -4.775381e-05
1.320000e+01 -5.192556e-06
1.350000e+01 -5.926045e-05
1.380000e+01 -1.206369e-04
1.410000e+01 -9.584182e-05
1.440000e+01 -6.199223e-05
1.470000e+01 -2.507609e-05
1.500000e+01 7.012827e-05
1.530000e+01 1.873163e-05
1.560000e+01 -7.596586e-05
1.590000e+01 -5.521831e-05
1.620000e+01 -1.096191e-04
1.650000e+01 -1.816881e-04
1.680000e+01 4.135030e-04
1.710000e+01 -1.036994e-04
1.740000e+01 -4.469839e-05
1.770000e+01 -1.450936e-02
1.800000e+01 7.555962e-04
1.830000e+01 3.551624e-04
1.860000e+01 -1.111718e-02
1.890000e+01 -1.310511e-04
1.920000e+01 -7.972203e-05
1.950000e+01 -3.568337e-04
1.980000e+01 -4.747374e-04
2.010000e+01 -4.512435e-04
2.040000e+01 -5.969152e-04
2.070000e+01 -4.880998e-04
2.100000e+01 -6.855730e-04
2.130000e+01 3.871710e-04
2.160000e+01 -1.588058e-04
2.190000e+01 7.254779e-05
2.220000e+01 1.098607e-04
2.250000e+01 -4.019177e-05
2.280000e+01 -4.770658e-04
2.310000e+01 -6.900237e-04
2.340000e+01 -7.483979e-04
2.370000e+01 -7.024691e-04
2.400000e+01 -3.370105e-04
2.430000e+01 -1.602680e-05
2.460000e+01 -6.012128e-04
2.490000e+01 1.670629e-05
2.520000e+01 1.064380e-03
2.550000e+01 -1.257478e-03
2.580000e+01 -2.305938e-03
2.610000e+01 -1.223326e-03
2.640000e+01 -2.242331e-03
2.670000e+01 -2.543232e-03
2.700000e+01 -2.385476e-03
2.730000e+01 -4.665301e-04
2.760000e+01 -7.129635e-04
2.790000e+01 -9.539483e-04
2.820000e+01 -3.512255e-03
2.850000e+01 -9.291408e-04
2.880000e+01 -1.563934e-04
2.910000e+01 -9.715129e-04
2.940000e+01 -7.858976e-04
2.970000e+01 -9.976910e-04
3.000000e+01 -1.426552e-03
3.030000e+01 -7.511494e-04
3.060000e+01 -1.393841e-03
3.090000e+01 -5.312492e-04
3.120000e+01 -1.290136e-03
3.150000e+01 -1.788686e-04
3.180000e+01 -1.254313e-03
3.210000e+01 -9.292942e-04
3.240000e+01 -3.046869e-04
3.270000e+01 -1.246972e-03
3.300000e+01 5.850150e-04
3.330000e+01 7.595654e-04
3.360000e+01 1.101723e-03
3.390000e+01 1.036226e-03
3.420000e+01 -1.646611e-03
3.450000e+01 2.022362e-04
3.480000e+01 -1.168137e-03
3.510000e+01 -3.063650e-05
3.540000e+01 -1.157267e-03
3.570000e+01 3.564388e-03
3.600000e+01 2.914069e-03
3.630000e+01 2.362508e-03
3.660000e+01 3.492048e-03
3.690000e+01 4.651802e-03
3.720000e+01 4.857473e-03
3.750000e+01 4.571740e-03
3.780000e+01 5.257837e-03
3.810000e+01 3.844660e-03
3.840000e+01 3.434641e-03
3.870000e+01 4.391636e-03
3.900000e+01 7.386409e-03
3.930000e+01 7.466604e-03
3.960000e+01 8.204965e-03
3.990000e+01 8.073774e-03
4.020000e+01 9.061747e-03
4.050000e+01 9.524979e-03
4.080000e+01 1.013354e-02
4.110000e+01 1.137236e-02
4.140000e+01 1.250899e-02
4.170000e+01 1.266834e-02
4.200000e+01 1.480211e-02
4.230000e+01 1.515969e-02
4.260000e+01 1.582971e-02
4.290000e+01 1.736226e-02
4.320000e+01 1.920250e-02
4.350000e+01 2.047308e-02
4.380000e+01 2.208642e-02
4.410000e+01 2.170698e-02
4.440000e+01 2.384868e-02
4.470000e+01 2.244373e-02
4.500000e+01 2.342623e-02
4.530000e+01 2.492472e-02
4.560000e+01 2.378544e-02
4.590000e+01 2.380385e-02
4.620000e+01 2.318133e-02
4.650000e+01 2.339945e-02
4.680000e+01 2.408052e-02
4.710000e+01 2.033884e-02
4.740000e+01 2.405916e-02
4.770000e+01 2.156131e-02
4.800000e+01 2.248196e-02
4.830000e+01 2.552618e-02
4.860000e+01 1.856719e-02
4.890000e+01 2.777570e-02
4.920000e+01 2.396407e-02
4.950000e+01 1.817353e-02
4.980000e+01 2.622134e-02
5.010000e+01 2.002164e-02
5.040000e+01 1.342413e-02
5.070000e+01 1.922576e-02
5.100000e+01 1.490688e-02
5.130000e+01 9.211302e-03
5.160000e+01 1.476474e-02
5.190000e+01 1.815512e-02
5.220000e+01 8.498225e-03
5.250000e+01 2.360915e-02
5.280000e+01 1.737811e-02
5.310000e+01 1.279308e-02
5.340000e+01 2.714496e-02
5.370000e+01 8.108370e-03
5.400000e+01 1.806353e-02
5.430000e+01 1.335044e-02
5.460000e+01 2.661827e-03
5.490000e+01 8.939883e-03
5.520000e+01 3.285105e-03
5.550000e+01 -2.482643e-03
5.580000e+01 3.750222e-03
5.610000e+01 2.893166e-03
5.640000e+01 -2.308385e-03
5.670000e+01 4.085974e-04
5.700000e+01 8.639898e-04
5.730000e+01 -7.348944e-03
5.760000e+01 -9.546245e-03
5.790000e+01 -9.068604e-03
5.820000e+01 -1.626611e-02
5.850000e+01 -2.236072e-02
5.880000e+01 -1.811405e-02
5.910000e+01 -1.864199e-02
5.940000e+01 -2.448289e-02
5.970000e+01 -2.006135e-02
6.000000e+01 -1.528783e-02
6.030000e+01 -2.082603e-02
6.060000e+01 -2.646154e-02
6.090000e+01 -2.531000e-02
6.120000e+01 -3.144624e-02
6.150000e+01 -4.795940e-02
6.180000e+01 -5.593325e-02
6.210000e+01 -5.634198e-02
6.240000e+01 -6.642344e-02
6.270000e+01 -7.290525e-02
6.300000e+01 -7.152064e-02
6.330000e+01 -7.213082e-02
6.360000e+01 -7.373022e-02
6.390000e+01 -7.319259e-02
6.420000e+01 -7.583731e-02
6.450000e+01 -7.625427e-02
6.480000e+01 -8.457175e-02
6.510000e+01 -9.674095e-02
6.540000e+01 -1.020539e-01
6.570000e+01 -1.145190e-01
6.600000e+01 -1.284780e-01
6.630000e+01 -1.290420e-01
6.660000e+01 -1.307782e-01
6.690000e+01 -1.348955e-01
6.720000e+01 -1.269708e-01
6.750000e+01 -1.207055e-01
6.780000e+01 -1.217983e-01
6.810000e+01 -1.164387e-01
6.840000e+01 -1.116266e-01
6.870000e+01 -1.148680e-01
6.900000e+01 -1.161349e-01
6.930000e+01 -1.117972e-01
6.960000e+01 -1.174947e-01
6.990000e+01 -1.156405e-01
7.020000e+01 -1.028255e-01
7.050000e+01 -9.504685e-02
7.080000e+01 -9.434391e-02
7.110000e+01 -7.800118e-02
7.140000e+01 -5.910679e-02
7.170000e+01 -5.678297e-02
7.200000e+01 -5.547446e-02
7.230000e+01 -4.343927e-02
7.260000e+01 -3.668441e-02
7.290000e+01 -5.165156e-02
7.320000e+01 -6.923203e-02
7.350000e+01 -6.903683e-02
7.380000e+01 -6.801894e-02
7.410000e+01 -9.692796e-02
7.440000e+01 -1.107170e-01
7.470000e+01 -9.314681e-02
7.500000e+01 -1.020420e-01
7.530000e+01 -1.209538e-01
7.560000e+01 -1.083091e-01
7.590000e+01 -1.025355e-01
7.620000e+01 -1.107739e-01
7.650000e+01 -1.014817e-01
7.680000e+01 -8.984934e-02
7.710000e+01 -7.906651e-02
7.740000e+01 -5.912524e-02
7.770000e+01 -4.238343e-02
7.800000e+01 -2.127133e-02
7.830000e+01 7.057620e-03
7.860000e+01 2.557936e-02
7.890000e+01 3.938667e-02
7.920000e+01 5.988287e-02
7.950000e+01 7.541137e-02
7.980000e+01 7.560290e-02
8.010000e+01 8.025837e-02
8.040000e+01 9.170174e-02
8.070000e+01 8.963280e-02
8.100000e+01 8.454713e-02
8.130000e+01 9.532240e-02
8.160000e+01 9.691694e-02
8.190000e+01 9.711657e-02
8.220000e+01 1.106384e-01
8.250000e+01 1.316111e-01
8.280000e+01 1.466324e-01
8.310000e+01 1.666733e-01
8.340000e+01 2.005725e-01
8.370000e+01 2.273395e-01
8.400000e+01 2.472850e-01
8.430000e+01 2.691357e-01
8.460000e+01 2.768144e-01
8.490000e+01 2.688981e-01
8.520000e+01 2.593673e-01
8.550000e+01 2.414149e-01
8.580000e+01 2.171605e-01
8.610000e+01 2.066558e-01
8.640000e+01 2.070627e-01
8.670000e+01 2.039061e-01
8.700000e+01 2.080474e-01
8.730000e+01 2.319752e-01
8.760000e+01 2.525549e-01
8.790000e+01 2.616100e-01
8.820000e+01 2.815646e-01
8.850000e+01 3.089305e-01
8.880000e+01 3.440843e-01
8.910000e+01 3.860381e-01
8.940000e+01 4.392884e-01
8.970000e+01 5.111240e-01
9.000000e+01 6.011955e-01
9.030000e+01 6.814445e-01
9.060000e+01 7.300030e-01
9.090000e+01 7.593122e-01
9.120000e+01 7.855321e-01
9.150000e+01 8.166841e-01
9.180000e+01 8.375022e-01
9.210000e+01 8.361361e-01
9.240000e+01 8.214697e-01
9.270000e+01 8.178096e-01
9.300000e+01 8.531895e-01
9.330000e+01 9.017220e-01
9.360000e+01 9.264159e-01
9.390000e+01 9.109443e-01
9.420000e+01 8.877639e-01
9.450000e+01 8.707601e-01
9.480000e+01 8.615451e-01
9.510000e+01 8.364047e-01
9.540000e+01 7.599704e-01
9.570000e+01 6.742597e-01
9.600000e+01 6.415400e-01
9.630000e+01 6.201332e-01
9.660000e+01 5.547258e-01
9.690000e+01 4.986298e-01
9.720000e+01 4.579244e-01
9.750000e+01 4.209726e-01
9.780000e+01 3.740027e-01
9.810000e+01 2.983852e-01
9.840000e+01 2.459949e-01
9.870000e+01 2.413816e-01
9.900000e+01 1.819231e-01
9.930000e+01 1.138082e-01
9.960000e+01 1.261112e-01
9.990000e+01 1.088206e-01
1.002000e+02 6.272507e-02
1.005000e+02 6.146782e-02
1.008000e+02 4.568584e-02
1.011000e+02 1.078318e-02
1.014000e+02 -1.844198e-02
1.017000e+02 -4.710051e-02
1.020000e+02 -7.501250e-02
1.023000e+02 -8.912591e-02
1.026000e+02 -7.583241e-02
1.029000e+02 -4.585718e-02
1.032000e+02 -1.948754e-02
1.035000e+02 -1.766833e-03
1.038000e+02 1.619711e-02
1.041000e+02 3.182787e-02
1.044000e+02 2.614474e-02
1.047000e+02 2.143172e-02
1.050000e+02 4.178057e-02
1.053000e+02 7.702465e-02
1.056000e+02 9.383274e-02
1.059000e+02 9.511233e-02
1.062000e+02 8.541571e-02
1.065000e+02 7.597219e-02
1.068000e+02 6.799379e-02
1.071000e+02 4.392499e-02
1.074000e+02 -4.410350e-02
1.077000e+02 -1.809080e-01
1.080000e+02 -3.138109e-01
1.083000e+02 -4.386005e-01
1.086000e+02 -5.782107e-01
1.089000e+02 -7.139486e-01
1.092000e+02 -8.535186e-01
1.095000e+02 -1.030073e+00
1.098000e+02 -1.209036e+00
1.101000e+02 -1.343915e+00
1.104000e+02 -1.445433e+00
1.107000e+02 -1.524419e+00
1.110000e+02 -1.622853e+00
1.113000e+02 -1.741329e+00
1.116000e+02 -1.810078e+00
1.119000e+02 -1.820308e+00
1.122000e+02 -1.780071e+00
1.125000e+02 -1.731879e+00
1.128000e+02 -1.683785e+00
1.131000e+02 -1.606569e+00
1.134000e+02 -1.489728e+00
1.137000e+02 -1.364882e+00
1.140000e+02 -1.253918e+00
1.143000e+02 -1.150222e+00
1.146000e+02 -1.049857e+00
1.149000e+02 -9.524519e-01
1.152000e+02 -8.631361e-01
1.155000e+02 -7.754653e-01
1.158000e+02 -6.837449e-01
1.161000e+02 -5.832382e-01
1.164000e+02 -4.713765e-01
1.167000e+02 -3.424034e-01
1.170000e+02 -1.977989e-01
1.173000e+02 -3.401098e-02
1.176000e+02 1.497924e-01
1.179000e+02 3.524569e-01
1.182000e+02 5.668913e-01
1.185000e+02 7.700091e-01
1.188000e+02 9.569291e-01
1.191000e+02 1.133225e+00
1.194000e+02 1.308192e+00
1.197000e+02 1.501870e+00
1.200000e+02 1.706142e+00
1.203000e+02 1.942290e+00
1.206000e+02 2.185658e+00
1.209000e+02 2.387076e+00
1.212000e+02 2.551648e+00
1.215000e+02 2.672001e+00
1.218000e+02 2.726518e+00
1.221000e+02 2.718832e+00
1.224000e+02 2.690950e+00
1.227000e+02 2.677890e+00
1.230000e+02 2.664376e+00
1.233000e+02 2.611452e+00
1.236000e+02 2.517428e+00
1.239000e+02 2.439547e+00
1.242000e+02 2.395615e+00
1.245000e+02 2.365892e+00
1.248000e+02 2.486063e+00
1.251000e+02 2.571063e+00
1.254000e+02 2.635621e+00
1.257000e+02 2.707596e+00
1.260000e+02 2.742168e+00
1.263000e+02 2.626810e+00
1.266000e+02 2.425794e+00
1.269000e+02 2.238454e+00
1.272000e+02 2.075983e+00
1.275000e+02 1.919169e+00
1.278000e+02 1.785546e+00
1.281000e+02 1.668482e+00
1.284000e+02 1.561956e+00
1.287000e+02 1.466993e+00
1.290000e+02 1.376948e+00
1.293000e+02 1.292098e+00
1.296000e+02 1.228803e+00
1.299000e+02 1.195126e+00
1.302000e+02 1.186210e+00
1.305000e+02 1.218368e+00
1.308000e+02 1.263256e+00
1.311000e+02 1.295711e+00
1.314000e+02 1.311579e+00
1.317000e+02 1.328262e+00
1.320000e+02 1.392228e+00
1.323000e+02 1.554349e+00
1.326000e+02 1.808345e+00
1.329000e+02 2.085519e+00
1.332000e+02 2.345657e+00
1.335000e+02 2.551187e+00
1.338000e+02 2.696514e+00
1.341000e+02 2.798728e+00
1.344000e+02 2.853218e+00
1.347000e+02 2.872989e+00
1.350000e+02 2.840270e+00
1.353000e+02 2.735979e+00
1.356000e+02 2.599044e+00
1.359000e+02 2.344796e+00
1.362000e+02 2.042562e+00
1.365000e+02 1.827889e+00
1.368000e+02 1.740701e+00
1.371000e+02 1.609124e+00
1.374000e+02 1.504402e+00
1.377000e+02 1.410158e+00
1.380000e+02 1.209285e+00
1.383000e+02 1.027952e+00
1.386000e+02 8.918665e-01
1.389000e+02 7.798236e-01
1.392000e+02 6.704894e-01
1.395000e+02 5.536151e-01
1.398000e+02 4.231010e-01
1.401000e+02 2.915093e-01
1.404000e+02 1.819694e-01
1.407000e+02 1.049471e-01
1.410000e+02 7.324444e-02
1.413000e+02 1.075009e-01
1.416000e+02 2.076982e-01
1.419000e+02 3.627555e-01
1.422000e+02 5.631920e-01
1.425000e+02 8.489715e-01
1.428000e+02 1.104017e+00
1.431000e+02 1.165326e+00
1.434000e+02 1.134094e+00
1.437000e+02 1.278068e+00
1.440000e+02 1.480039e+00
1.443000e+02 1.651138e+00
1.446000e+02 1.743377e+00
1.449000e+02 1.808023e+00
1.452000e+02 1.875562e+00
1.455000e+02 1.954297e+00
1.458000e+02 2.022908e+00
1.461000e+02 2.058669e+00
1.464000e+02 2.042155e+00
1.467000e+02 1.970275e+00
1.470000e+02 1.808850e+00
1.473000e+02 1.571076e+00
1.476000e+02 1.303184e+00
1.479000e+02 1.126386e+00
1.482000e+02 9.280011e-01
1.485000e+02 7.155052e-01
1.488000e+02 5.667410e-01
1.491000e+02 5.500941e-01
1.494000e+02 5.178273e-01
1.497000e+02 4.584066e-01
1.500000e+02 3.632964e-01
1.503000e+02 2.549172e-01
1.506000e+02 1.420883e-01
1.509000e+02 4.379784e-02
1.512000e+02 -4.119394e-02
1.515000e+02 -1.112173e-01
1.518000e+02 -1.574224e-01
1.521000e+02 -1.891918e-01
1.524000e+02 -2.061999e-01
1.527000e+02 -1.962647e-01
1.530000e+02 -1.688285e-01
1.533000e+02 -1.152241e-01
1.536000e+02 -2.496546e-02
1.539000e+02 1.931636e-01
1.542000e+02 4.242165e-01
1.545000e+02 4.946144e-01
1.548000e+02 5.256704e-01
1.551000e+02 6.601789e-01
1.554000e+02 8.395933e-01
1.557000e+02 8.962101e-01
1.560000e+02 9.934355e-01
1.563000e+02 1.119097e+00
1.566000e+02 1.228517e+00
1.569000e+02 1.282004e+00
1.572000e+02 1.268566e+00
1.575000e+02 1.216247e+00
1.578000e+02 1.166952e+00
1.581000e+02 1.094556e+00
1.584000e+02 9.560195e-01
1.587000e+02 6.718291e-01
1.590000e+02 5.737547e-01
1.593000e+02 5.853944e-01
1.596000e+02 5.151772e-01
1.599000e+02 4.264426e-01
1.602000e+02 3.332417e-01
1.605000e+02 2.508496e-01
1.608000e+02 1.537941e-01
1.611000e+02 6.111704e-02
1.614000e+02 -2.661874e-02
1.617000e+02 -1.058397e-01
1.620000e+02 -1.700291e-01
1.623000e+02 -2.277198e-01
1.626000e+02 -2.780813e-01
1.629000e+02 -3.019838e-01
1.632000e+02 -3.198321e-01
1.635000e+02 -3.370792e-01
1.638000e+02 -3.513659e-01
1.641000e+02 -3.575644e-01
1.644000e+02 -3.365079e-01
1.647000e+02 -2.754036e-01
1.650000e+02 -1.490033e-01
1.653000e+02 5.441168e-02
1.656000e+02 2.713852e-01
1.659000e+02 4.148146e-01
1.662000e+02 5.508918e-01
1.665000e+02 7.203397e-01
1.668000e+02 8.886757e-01
1.671000e+02 1.048457e+00
1.674000e+02 1.027125e+00
1.677000e+02 1.039033e+00
1.680000e+02 1.099206e+00
1.683000e+02 1.176045e+00
1.686000e+02 1.235663e+00
1.689000e+02 1.282920e+00
1.692000e+02 1.302619e+00
1.695000e+02 1.269529e+00
1.698000e+02 1.197035e+00
1.701000e+02 1.094494e+00
1.704000e+02 9.695316e-01
1.707000e+02 8.182228e-01
1.710000e+02 6.200468e-01
1.713000e+02 3.616729e-01
1.716000e+02 1.441874e-01
1.719000e+02 6.714610e-03
1.722000e+02 -2.310379e-02
1.725000e+02 -5.506767e-02
1.728000e+02 -1.376651e-01
1.731000e+02 -2.241585e-01
1.734000e+02 -3.136592e-01
1.737000e+02 -4.032428e-01
1.740000e+02 -4.810703e-01
1.743000e+02 -5.204660e-01
1.746000e+02 -5.295357e-01
1.749000e+02 -5.134828e-01
1.752000e+02 -4.698329e-01
1.755000e+02 -3.995724e-01
1.758000e+02 -2.775194e-01
1.761000e+02 -2.390651e-01
1.764000e+02 -1.728556e-01
1.767000e+02 -6.761222e-02
1.770000e+02 7.400497e-02
1.773000e+02 2.570612e-01
1.776000e+02 3.496088e-01
1.779000e+02 2.829406e-01
1.782000e+02 2.894883e-01
1.785000e+02 3.279548e-01
1.788000e+02 3.759720e-01
1.791000e+02 4.096433e-01
1.794000e+02 4.309766e-01
1.797000e+02 4.199455e-01
1.800000e+02 3.727227e-01
1.803000e+02 3.078148e-01
1.806000e+02 2.315384e-01
1.809000e+02 1.444822e-01
1.812000e+02 2.075404e-03
1.815000e+02 -2.232882e-01
1.818000e+02 -4.494955e-01
1.821000e+02 -3.958394e-01
1.824000e+02 -2.880768e-01
1.827000e+02 -2.463474e-01
1.830000e+02 -2.197150e-01
1.833000e+02 -2.292303e-01
1.836000e+02 -2.647968e-01
1.839000e+02 -3.213406e-01
1.842000e+02 -3.831635e-01
1.845000e+02 -4.188177e-01
1.848000e+02 -4.429588e-01
1.851000e+02 -4.561622e-01
1.854000e+02 -4.340375e-01
1.857000e+02 -3.679939e-01
1.860000e+02 -2.663080e-01
1.863000e+02 -1.573128e-01
1.866000e+02 -5.047625e-02
1.869000e+02 6.988755e-02
1.872000e+02 2.306010e-01
1.875000e+02 4.145129e-01
1.878000e+02 5.627584e-01
1.881000e+02 7.131801e-01
1.884000e+02 7.422344e-01
1.887000e+02 6.969359e-01
1.890000e+02 7.354765e-01
1.893000e+02 7.763378e-01
1.896000e+02 8.134132e-01
1.899000e+02 8.345925e-01
1.902000e+02 8.403299e-01
1.905000e+02 8.427937e-01
1.908000e+02 8.229448e-01
1.911000e+02 7.856078e-01
1.914000e+02 7.258348e-01
1.917000e+02 6.485346e-01
1.920000e+02 5.323605e-01
1.923000e+02 3.914993e-01
1.926000e+02 2.252888e-01
1.929000e+02 1.518605e-02
1.932000e+02 -1.997975e-01
1.935000e+02 -3.659381e-01
1.938000e+02 -4.788903e-01
1.941000e+02 -4.200160e-01
1.944000e+02 -3.744371e-01
1.947000e+02 -3.726938e-01
1.950000e+02 -3.653572e-01
1.953000e+02 -3.427334e-01
1.956000e+02 -3.007986e-01
1.959000e+02 -2.612392e-01
1.962000e+02 -2.097833e-01
1.965000e+02 -8.278771e-02
1.968000e+02 5.923830e-02
1.971000e+02 2.782629e-01
1.974000e+02 2.571907e-01
1.977000e+02 1.661507e-01
1.980000e+02 1.674769e-01
1.983000e+02 1.949655e-01
1.986000e+02 2.423699e-01
1.989000e+02 2.948710e-01
1.992000e+02 3.477979e-01
1.995000e+02 3.863589e-01
1.998000e+02 3.957270e-01
2.001000e+02 3.869124e-01
2.004000e+02 3.623092e-01
2.007000e+02 3.174700e-01
2.010000e+02 2.686574e-01
2.013000e+02 2.099695e-01
2.016000e+02 1.392025e-01
2.019000e+02 5.079949e-02
2.022000e+02 -6.353178e-02
2.025000e+02 -2.100936e-01
2.028000e+02 -3.901859e-01
2.031000e+02 -5.879753e-01
2.034000e+02 -7.815762e-01
2.037000e+02 -9.593862e-01
2.040000e+02 -1.091573e+00
2.043000e+02 -1.153191e+00
2.046000e+02 -1.144808e+00
2.049000e+02 -1.058586e+00
2.052000e+02 -9.374401e-01
2.055000e+02 -8.524220e-01
2.058000e+02 -8.022998e-01
2.061000e+02 -7.675051e-01
2.064000e+02 -7.422299e-01
2.067000e+02 -7.175473e-01
2.070000e+02 -6.689541e-01
2.073000e+02 -5.740055e-01
2.076000e+02 -4.273339e-01
2.079000e+02 -2.792372e-01
2.082000e+02 -1.447908e-01
2.085000e+02 -2.115104e-02
2.088000e+02 1.215244e-01
2.091000e+02 2.501048e-01
2.094000e+02 3.408349e-01
2.097000e+02 2.830360e-01
2.100000e+02 2.188216e-01
2.103000e+02 2.070620e-01
2.106000e+02 2.149615e-01
2.109000e+02 2.266418e-01
2.112000e+02 2.319882e-01
2.115000e+02 2.062732e-01
2.118000e+02 1.351311e-01
2.121000e+02 2.885678e-03
2.124000e+02 -1.718998e-01
2.127000e+02 -3.607234e-01
2.130000e+02 -5.226965e-01
2.133000e+02 -6.312988e-01
2.136000e+02 -6.774177e-01
2.139000e+02 -6.722247e-01
2.142000e+02 -6.324803e-01
2.145000e+02 -6.089455e-01
2.148000e+02 -6.252427e-01
2.151000e+02 -6.529879e-01
2.154000e+02 -6.863188e-01
2.157000e+02 -7.238413e-01
2.160000e+02 -7.615963e-01
2.163000e+02 -8.045461e-01
2.166000e+02 -8.333942e-01
2.169000e+02 -8.463367e-01
2.172000e+02 -8.715401e-01
2.175000e+02 -9.032564e-01
2.178000e+02 -9.300484e-01
2.181000e+02 -9.615028e-01
2.184000e+02 -9.873859e-01
2.187000e+02 -9.978487e-01
2.190000e+02 -9.864881e-01
2.193000e+02 -9.639726e-01
2.196000e+02 -9.173116e-01
2.199000e+02 -8.399964e-01
2.202000e+02 -7.283494e-01
2.205000e+02 -6.001043e-01
2.208000e+02 -4.888890e-01
2.211000e+02 -4.063209e-01
2.214000e+02 -3.946039e-01
2.217000e+02 -4.454628e-01
2.220000e+02 -5.305602e-01
2.223000e+02 -6.187678e-01
2.226000e+02 -6.930400e-01
2.229000e+02 -7.425073e-01
2.232000e+02 -7.104546e-01
2.235000e+02 -6.420844e-01
2.238000e+02 -5.518367e-01
2.241000e+02 -4.397534e-01
2.244000e+02 -3.141365e-01
2.247000e+02 -1.960147e-01
2.250000e+02 -8.844439e-02
2.253000e+02 2.773631e-02
2.256000e+02 1.296316e-01
2.259000e+02 1.964304e-01
2.262000e+02 2.461654e-01
2.265000e+02 3.023164e-01
2.268000e+02 3.633897e-01
2.271000e+02 4.257768e-01
2.274000e+02 4.787156e-01
2.277000e+02 5.272284e-01
2.280000e+02 5.824949e-01
2.283000e+02 6.664919e-01
2.286000e+02 7.407688e-01
2.289000e+02 8.612731e-01
2.292000e+02 9.625562e-01
2.295000e+02 1.070173e+00
2.298000e+02 1.160763e+00
2.301000e+02 1.220578e+00
2.304000e+02 1.249740e+00
2.307000e+02 1.275660e+00
2.310000e+02 1.328315e+00
2.313000e+02 1.452405e+00
2.316000e+02 1.576442e+00
2.319000e+02 1.718274e+00
2.322000e+02 1.908920e+00
2.325000e+02 2.063711e+00
2.328000e+02 2.172094e+00
2.331000e+02 2.258297e+00
2.334000e+02 2.311424e+00
2.337000e+02 2.335073e+00
2.340000e+02 2.349630e+00
2.343000e+02 2.361058e+00
2.346000e+02 2.363001e+00
2.349000e+02 2.338967e+00
2.352000e+02 2.271875e+00
2.355000e+02 2.190634e+00
2.358000e+02 2.122740e+00
2.361000e+02 2.062974e+00
2.364000e+02 2.011334e+00
2.367000e+02 1.955518e+00
2.370000e+02 1.892992e+00
2.373000e+02 1.915480e+00
2.376000e+02 1.735107e+00
2.379000e+02 1.644137e+00
2.382000e+02 1.547052e+00
2.385000e+02 1.444957e+00
2.388000e+02 1.342761e+00
2.391000e+02 1.242497e+00
2.394000e+02 1.153344e+00
2.397000e+02 1.081478e+00
2.400000e+02 1.034433e+00
2.403000e+02 1.025112e+00
2.406000e+02 1.029519e+00
2.409000e+02 1.028324e+00
2.412000e+02 9.937460e-01
2.415000e+02 9.151796e-01
2.418000e+02 8.041998e-01
2.421000e+02 6.514001e-01
2.424000e+02 4.427307e-01
2.427000e+02 2.188643e-01
2.430000e+02 7.354861e-03
2.433000e+02 -1.805694e-01
2.436000e+02 -3.505510e-01
2.439000e+02 -5.573851e-01
2.442000e+02 -7.757695e-01
2.445000e+02 -1.016296e+00
2.448000e+02 -1.279820e+00
2.451000e+02 -1.572573e+00
2.454000e+02 -1.847690e+00
2.457000e+02 -2.072590e+00
2.460000e+02 -2.269844e+00
2.463000e+02 -2.451009e+00
2.466000e+02 -2.608188e+00
2.469000e+02 -2.738206e+00
2.472000e+02 -2.854189e+00
2.475000e+02 -2.976831e+00
2.478000e+02 -3.066201e+00
2.481000e+02 -3.127171e+00
2.484000e+02 -3.166824e+00
2.487000e+02 -3.191192e+00
2.490000e+02 -3.212765e+00
2.493000e+02 -3.249330e+00
2.496000e+02 -3.306050e+00
2.499000e+02 -3.359689e+00
2.502000e+02 -3.395169e+00
2.505000e+02 -3.391770e+00
2.508000e+02 -3.357902e+00
2.511000e+02 -3.308825e+00
2.514000e+02 -3.262921e+00
2.517000e+02 -3.231834e+00
2.520000e+02 -3.216526e+00
2.523000e+02 -3.200701e+00
2.526000e+02 -3.173474e+00
2.529000e+02 -3.126518e+00
2.532000e+02 -3.067729e+00
2.535000e+02 -3.009953e+00
2.538000e+02 -2.952849e+00
2.541000e+02 -2.901440e+00
2.544000e+02 -2.850476e+00
2.547000e+02 -2.800845e+00
2.550000e+02 -2.750004e+00
2.553000e+02 -2.700074e+00
2.556000e+02 -2.659407e+00
2.559000e+02 -2.623509e+00
2.562000e+02 -2.589974e+00
2.565000e+02 -2.561029e+00
2.568000e+02 -2.539864e+00
2.571000e+02 -2.531316e+00
2.574000e+02 -2.537316e+00
2.577000e+02 -2.551876e+00
2.580000e+02 -2.570865e+00
2.583000e+02 -2.604690e+00
2.586000e+02 -2.651057e+00
2.589000e+02 -2.518911e+00
2.592000e+02 -2.732528e+00
2.595000e+02 -2.769162e+00
2.598000e+02 -2.800771e+00
2.601000e+02 -2.824370e+00
2.604000e+02 -2.839867e+00
2.607000e+02 -2.840208e+00
2.610000e+02 -2.821173e+00
2.613000e+02 -2.792077e+00
2.616000e+02 -2.765257e+00
2.619000e+02 -2.734327e+00
2.622000e+02 -2.683499e+00
2.625000e+02 -2.605870e+00
2.628000e+02 -2.494932e+00
2.631000e+02 -2.335930e+00
2.634000e+02 -2.154358e+00
2.637000e+02 -1.938696e+00
2.640000e+02 -1.707346e+00
2.643000e+02 -1.459896e+00
2.646000e+02 -1.206694e+00
2.649000e+02 -9.656799e-01
2.652000e+02 -7.386470e-01
2.655000e+02 -5.334696e-01
2.658000e+02 -3.515949e-01
2.661000e+02 -1.808939e-01
2.664000e+02 2.233629e-02
2.667000e+02 2.131216e-01
2.670000e+02 3.511075e-01
2.673000e+02 4.444473e-01
2.676000e+02 4.921398e-01
2.679000e+02 5.571169e-01
2.682000e+02 6.220179e-01
2.685000e+02 7.773031e-01
2.688000e+02 9.646821e-01
2.691000e+02 1.190004e+00
2.694000e+02 1.404440e+00
2.697000e+02 1.579315e+00
2.700000e+02 1.738696e+00
2.703000e+02 1.883580e+00
2.706000e+02 2.022685e+00
2.709000e+02 2.148963e+00
2.712000e+02 2.261968e+00
2.715000e+02 2.367442e+00
2.718000e+02 2.459695e+00
2.721000e+02 2.526301e+00
2.724000e+02 2.570021e+00
2.727000e+02 2.586942e+00
2.730000e+02 2.596681e+00
2.733000e+02 2.633826e+00
2.736000e+02 2.699508e+00
2.739000e+02 2.780583e+00
2.742000e+02 2.844243e+00
2.745000e+02 2.873250e+00
2.748000e+02 2.870165e+00
2.751000e+02 2.835556e+00
2.754000e+02 2.777948e+00
2.757000e+02 2.714906e+00
2.760000e+02 2.656936e+00
2.763000e+02 2.597026e+00
2.766000e+02 2.521636e+00
2.769000e+02 2.428777e+00
2.772000e+02 2.313351e+00
2.775000e+02 2.180833e+00
2.778000e+02 2.044034e+00
2.781000e+02 1.915465e+00
2.784000e+02 1.799097e+00
2.787000e+02 1.697462e+00
2.790000e+02 1.608220e+00
2.793000e+02 1.528964e+00
2.796000e+02 1.458496e+00
2.799000e+02 1.404047e+00
2.802000e+02 1.370477e+00
2.805000e+02 1.359076e+00
2.808000e+02 1.359558e+00
2.811000e+02 1.376574e+00
2.814000e+02 1.415323e+00
2.817000e+02 1.467792e+00
2.820000e+02 1.533494e+00
2.823000e+02 1.592585e+00
2.826000e+02 1.641731e+00
2.829000e+02 1.679192e+00
2.832000e+02 1.708003e+00
2.835000e+02 1.740651e+00
2.838000e+02 1.779179e+00
2.841000e+02 1.825779e+00
2.844000e+02 1.882553e+00
2.847000e+02 1.928012e+00
2.850000e+02 1.963657e+00
2.853000e+02 1.984505e+00
2.856000e+02 1.987989e+00
2.859000e+02 1.961730e+00
2.862000e+02 1.910310e+00
2.865000e+02 1.844703e+00
2.868000e+02 1.761921e+00
2.871000e+02 1.630453e+00
2.874000e+02 1.432429e+00
2.877000e+02 1.133566e+00
2.880000e+02 8.003436e-01
2.883000e+02 5.213902e-01
2.886000e+02 3.651902e-01
2.889000e+02 4.001471e-01
2.892000e+02 4.919359e-01
2.895000e+02 5.114214e-01
2.898000e+02 4.553801e-01
2.901000e+02 3.543998e-01
2.904000e+02 2.391448e-01
2.907000e+02 1.343582e-01
2.910000e+02 4.186476e-02
2.913000e+02 2.043131e-03
2.916000e+02 4.291167e-03
2.919000e+02 6.809181e-02
2.922000e+02 1.803175e-01
2.925000e+02 2.892021e-01
2.928000e+02 3.116633e-01
2.931000e+02 2.962893e-01
2.934000e+02 3.509331e-01
2.937000e+02 4.083267e-01
2.940000e+02 3.874855e-01
2.943000e+02 4.210103e-01
2.946000e+02 4.416518e-01
2.949000e+02 4.537115e-01
2.952000e+02 4.555830e-01
2.955000e+02 4.633056e-01
2.958000e+02 4.551595e-01
2.961000e+02 4.138905e-01
2.964000e+02 3.660199e-01
2.967000e+02 3.211064e-01
2.970000e+02 2.726415e-01
2.973000e+02 1.728470e-01
2.976000e+02 2.229095e-02
2.979000e+02 -1.670118e-01
2.982000e+02 -3.885046e-01
2.985000e+02 -4.853297e-01
2.988000e+02 -4.103380e-01
2.991000e+02 -3.116477e-01
2.994000e+02 -2.680161e-01
2.997000e+02 -2.791588e-01
3.000000e+02 -3.189797e-01
3.003000e+02 -3.604706e-01
3.006000e+02 -3.993418e-01
3.009000e+02 -4.425984e-01
3.012000e+02 -4.643389e-01
3.015000e+02 -4.766105e-01
3.018000e+02 -4.938678e-01
3.021000e+02 -5.220906e-01
3.024000e+02 -5.525832e-01
3.027000e+02 -5.768300e-01
3.030000e+02 -5.839974e-01
3.033000e+02 -5.703708e-01
3.036000e+02 -5.382232e-01
3.039000e+02 -4.964258e-01
3.042000e+02 -4.490562e-01
3.045000e+02 -4.023775e-01
3.048000e+02 -3.597526e-01
3.051000e+02 -3.279790e-01
3.054000e+02 -3.065930e-01
3.057000e+02 -2.917082e-01
3.060000e+02 -2.890284e-01
3.063000e+02 -2.981601e-01
3.066000e+02 -3.141166e-01
3.069000e+02 -3.270239e-01
3.072000e+02 -3.420785e-01
3.075000e+02 -3.640094e-01
3.078000e+02 -3.840522e-01
3.081000e+02 -3.975699e-01
3.084000e+02 -4.117229e-01
3.087000e+02 -4.414874e-01
3.090000e+02 -4.865029e-01
3.093000e+02 -5.677842e-01
3.096000e+02 -6.694218e-01
3.099000e+02 -7.877516e-01
3.102000e+02 -8.803112e-01
3.105000e+02 -9.262912e-01
3.108000e+02 -8.859440e-01
3.111000e+02 -7.651622e-01
3.114000e+02 -5.829621e-01
3.117000e+02 -3.630893e-01
3.120000e+02 -1.665938e-01
3.123000e+02 -5.322169e-03
3.126000e+02 7.586864e-02
3.129000e+02 1.442764e-01
3.132000e+02 1.830805e-01
3.135000e+02 2.093270e-01
3.138000e+02 2.362857e-01
3.141000e+02 2.796151e-01
3.144000e+02 3.331333e-01
3.147000e+02 3.901088e-01
3.150000e+02 4.414201e-01
3.153000e+02 4.826167e-01
3.156000e+02 5.166187e-01
3.159000e+02 5.473131e-01
3.162000e+02 5.941090e-01
3.165000e+02 6.399595e-01
3.168000e+02 7.034537e-01
3.171000e+02 7.813069e-01
3.174000e+02 8.667038e-01
3.177000e+02 9.589425e-01
3.180000e+02 1.043131e+00
3.183000e+02 1.119741e+00
3.186000e+02 1.186852e+00
3.189000e+02 1.250605e+00
3.192000e+02 1.321299e+00
3.195000e+02 1.400966e+00
3.198000e+02 1.518411e+00
3.201000e+02 1.665936e+00
3.204000e+02 1.839862e+00
3.207000e+02 2.026287e+00
3.210000e+02 2.209581e+00
3.213000e+02 2.392174e+00
3.216000e+02 2.527942e+00
3.219000e+02 2.606627e+00
3.222000e+02 2.644798e+00
3.225000e+02 2.639581e+00
3.228000e+02 2.591342e+00
3.231000e+02 2.526013e+00
3.234000e+02 2.454157e+00
3.237000e+02 2.454566e+00
3.240000e+02 2.483864e+00
3.243000e+02 2.505542e+00
3.246000e+02 2.486555e+00
3.249000e+02 2.385510e+00
3.252000e+02 2.193340e+00
3.255000e+02 1.957687e+00
3.258000e+02 1.713004e+00
3.261000e+02 1.469635e+00
3.264000e+02 1.202177e+00
3.267000e+02 9.116769e-01
3.270000e+02 6.160381e-01
3.273000e+02 3.510029e-01
3.276000e+02 1.220992e-01
3.279000e+02 -1.074391e-01
3.282000e+02 -3.226006e-01
3.285000e+02 -5.497878e-01
3.288000e+02 -8.130280e-01
3.291000e+02 -9.989790e-01
3.294000e+02 -1.162825e+00
3.297000e+02 -1.321522e+00
3.300000e+02 -1.470359e+00
3.303000e+02 -1.609938e+00
3.306000e+02 -1.737425e+00
3.309000e+02 -1.867006e+00
3.312000e+02 -1.991156e+00
3.315000e+02 -2.098369e+00
3.318000e+02 -2.150349e+00
3.321000e+02 -2.152271e+00
3.324000e+02 -2.123680e+00
3.327000e+02 -2.102278e+00
3.330000e+02 -2.107023e+00
3.333000e+02 -2.124334e+00
3.336000e+02 -2.138805e+00
3.339000e+02 -2.146604e+00
3.342000e+02 -2.141852e+00
3.345000e+02 -2.123474e+00
3.348000e+02 -2.090062e+00
3.351000e+02 -2.036137e+00
3.354000e+02 -1.972164e+00
3.357000e+02 -1.936309e+00
3.360000e+02 -1.919755e+00
3.363000e+02 -1.867533e+00
3.366000e+02 -1.821363e+00
3.369000e+02 -1.789903e+00
3.372000e+02 -1.746563e+00
3.375000e+02 -1.672174e+00
3.378000e+02 -1.575738e+00
3.381000e+02 -1.474153e+00
3.384000e+02 -1.383196e+00
3.387000e+02 -1.278149e+00
3.390000e+02 -1.088264e+00
3.393000e+02 -8.695011e-01
3.396000e+02 -6.619344e-01
3.399000e+02 -4.908570e-01
3.402000e+02 -3.529638e-01
3.405000e+02 -2.515778e-01
3.408000e+02 -1.998335e-01
3.411000e+02 -1.938506e-01
3.414000e+02 -2.304418e-01
3.417000e+02 -3.059286e-01
3.420000e+02 -4.069734e-01
3.423000e+02 -5.138036e-01
3.426000e+02 -6.244663e-01
3.429000e+02 -7.449404e-01
3.432000e+02 -8.556193e-01
3.435000e+02 -9.620455e-01
3.438000e+02 -1.067951e+00
3.441000e+02 -1.171623e+00
3.444000e+02 -1.269723e+00
3.447000e+02 -1.382908e+00
3.450000e+02 -1.516334e+00
3.453000e+02 -1.672413e+00
3.456000e+02 -1.842229e+00
3.459000e+02 -1.987603e+00
3.462000e+02 -2.113248e+00
3.465000e+02 -2.162793e+00
3.468000e+02 -2.165608e+00
3.471000e+02 -2.119866e+00
3.474000e+02 -2.017002e+00
3.477000e+02 -1.828157e+00
3.480000e+02 -1.615991e+00
3.483000e+02 -1.453884e+00
3.486000e+02 -1.397996e+00
3.489000e+02 -1.206457e+00
3.492000e+02 -1.135813e+00
3.495000e+02 -1.147145e+00
3.498000e+02 -1.061192e+00
3.501000e+02 -1.000379e+00
3.504000e+02 -9.461189e-01
3.507000e+02 -8.851340e-01
3.510000e+02 -8.089534e-01
3.513000e+02 -7.371654e-01
3.516000e+02 -6.841096e-01
3.519000e+02 -6.685558e-01
3.522000e+02 -6.870130e-01
3.525000e+02 -7.264142e-01
3.528000e+02 -7.936100e-01
3.531000e+02 -8.802833e-01
3.534000e+02 -9.884519e-01
3.537000e+02 -1.070023e+00
3.540000e+02 -1.234677e+00
3.543000e+02 -1.376492e+00
3.546000e+02 -1.284460e+00
3.549000e+02 -1.158328e+00
3.552000e+02 -1.096947e+00
3.555000e+02 -1.103343e+00
3.558000e+02 -1.147064e+00
3.561000e+02 -1.208675e+00
3.564000e+02 -1.270983e+00
3.567000e+02 -1.329611e+00
3.570000e+02 -1.365201e+00
3.573000e+02 -1.381343e+00
3.576000e+02 -1.368117e+00
3.579000e+02 -1.325782e+00
3.582000e+02 -1.250541e+00
3.585000e+02 -1.144770e+00
3.588000e+02 -1.007244e+00
3.591000e+02 -8.491409e-01
3.594000e+02 -6.704854e-01
3.597000e+02 -4.691802e-01
3.600000e+02 -2.702731e-01
3.603000e+02 -1.085751e-01
3.606000e+02 1.442953e-03
3.609000e+02 5.210670e-02
3.612000e+02 3.410503e-03
3.615000e+02 -5.091066e-03
3.618000e+02 5.349415e-02
3.621000e+02 1.358785e-01
3.624000e+02 2.120725e-01
3.627000e+02 2.702043e-01
3.630000e+02 3.138612e-01
3.633000e+02 3.535048e-01
3.636000e+02 3.792943e-01
3.639000e+02 3.978445e-01
3.642000e+02 4.097480e-01
3.645000e+02 4.116497e-01
3.648000e+02 4.025614e-01
3.651000e+02 3.883241e-01
3.654000e+02 3.549673e-01
3.657000e+02 2.885984e-01
3.660000e+02 1.621923e-01
3.663000e+02 -1.921834e-02
3.666000e+02 -2.005388e-01
3.669000e+02 -3.087931e-01
3.672000e+02 -3.688641e-01
3.675000e+02 -5.683416e-01
3.678000e+02 -6.466113e-01
3.681000e+02 -5.489833e-01
3.684000e+02 -4.775602e-01
3.687000e+02 -4.382497e-01
3.690000e+02 -3.786993e-01
3.693000e+02 -2.869988e-01
3.696000e+02 -1.633457e-01
3.699000e+02 -4.193878e-02
3.702000e+02 6.489327e-02
3.705000e+02 4.369763e-02
3.708000e+02 -6.836349e-02
3.711000e+02 -1.402118e-01
3.714000e+02 -1.545554e-01
3.717000e+02 -1.250350e-01
3.720000e+02 -7.109942e-02
3.723000e+02 -1.245362e-02
3.726000e+02 5.915148e-02
3.729000e+02 1.199948e-01
3.732000e+02 1.671944e-01
3.735000e+02 2.139892e-01
3.738000e+02 2.619190e-01
3.741000e+02 3.084462e-01
3.744000e+02 3.615092e-01
3.747000e+02 3.850453e-01
3.750000e+02 5.075490e-01
3.753000e+02 5.993446e-01
3.756000e+02 6.918140e-01
3.759000e+02 7.751475e-01
3.762000e+02 8.460992e-01
3.765000e+02 8.951311e-01
3.768000e+02 9.283778e-01
3.771000e+02 9.406143e-01
3.774000e+02 9.346087e-01
3.777000e+02 9.322244e-01
3.780000e+02 9.439850e-01
3.783000e+02 9.680490e-01
3.786000e+02 9.898879e-01
3.789000e+02 1.004109e+00
3.792000e+02 1.004985e+00
3.795000e+02 9.954362e-01
3.798000e+02 9.784099e-01
3.801000e+02 9.895867e-01
3.804000e+02 1.038314e+00
3.807000e+02 1.079160e+00
3.810000e+02 1.077655e+00
3.813000e+02 1.045422e+00
3.816000e+02 1.066156e+00
3.819000e+02 1.159224e+00
3.822000e+02 1.265585e+00
3.825000e+02 1.381666e+00
3.828000e+02 1.509116e+00
3.831000e+02 1.536125e+00
3.834000e+02 1.536337e+00
3.837000e+02 1.537568e+00
3.840000e+02 1.553333e+00
3.843000e+02 1.581621e+00
3.846000e+02 1.631243e+00
3.849000e+02 1.691141e+00
3.852000e+02 1.745339e+00
3.855000e+02 1.791275e+00
3.858000e+02 1.824135e+00
3.861000e+02 1.831000e+00
3.864000e+02 1.810788e+00
3.867000e+02 1.788192e+00
3.870000e+02 1.788802e+00
3.873000e+02 1.817930e+00
3.876000e+02 1.865885e+00
3.879000e+02 1.929352e+00
3.882000e+02 1.991298e+00
3.885000e+02 2.057518e+00
3.888000e+02 2.115714e+00
3.891000e+02 2.157168e+00
3.894000e+02 2.183555e+00
3.897000e+02 2.190561e+00
3.900000e+02 2.193415e+00
3.903000e+02 2.203083e+00
3.906000e+02 2.231408e+00
3.909000e+02 2.353534e+00
3.912000e+02 2.483026e+00
3.915000e+02 2.562294e+00
3.918000e+02 2.618489e+00
3.921000e+02 2.599161e+00
3.924000e+02 2.511877e+00
3.927000e+02 2.380035e+00
3.930000e+02 2.239854e+00
3.933000e+02 2.152182e+00
3.936000e+02 2.129132e+00
3.939000e+02 2.086423e+00
3.942000e+02 2.071260e+00
3.945000e+02 2.085943e+00
3.948000e+02 2.109600e+00
3.951000e+02 2.111789e+00
3.954000e+02 2.123183e+00
3.957000e+02 2.156502e+00
3.960000e+02 2.198228e+00
3.963000e+02 2.223734e+00
3.966000e+02 2.213108e+00
3.969000e+02 2.172885e+00
3.972000e+02 2.097286e+00
3.975000e+02 1.977481e+00
3.978000e+02 1.820724e+00
3.981000e+02 1.629887e+00
3.984000e+02 1.407578e+00
3.987000e+02 1.164530e+00
3.990000e+02 8.932085e-01
3.993000e+02 5.690275e-01
3.996000e+02 2.971283e-01
3.999000e+02 7.533360e-02
4.002000e+02 -6.560388e-02
4.005000e+02 -2.505411e-01
4.008000e+02 -5.858111e-01
4.011000e+02 -7.294335e-01
4.014000e+02 -9.833043e-01
4.017000e+02 -1.323535e+00
4.020000e+02 -1.650950e+00
4.023000e+02 -1.922745e+00
4.026000e+02 -2.177035e+00
4.029000e+02 -2.427292e+00
4.032000e+02 -2.546947e+00
4.035000e+02 -2.581906e+00
4.038000e+02 -2.610930e+00
4.041000e+02 -2.604278e+00
4.044000e+02 -2.593373e+00
4.047000e+02 -2.558131e+00
4.050000e+02 -2.669184e+00
4.053000e+02 -2.852442e+00
4.056000e+02 -2.921485e+00
4.059000e+02 -2.869150e+00
4.062000e+02 -2.682240e+00
4.065000e+02 -2.403655e+00
4.068000e+02 -2.111854e+00
4.071000e+02 -1.826325e+00
4.074000e+02 -1.542431e+00
4.077000e+02 -1.248605e+00
4.080000e+02 -9.628301e-01
4.083000e+02 -7.264803e-01
4.086000e+02 -5.546491e-01
4.089000e+02 -4.521983e-01
4.092000e+02 -4.029695e-01
4.095000e+02 -3.820877e-01
4.098000e+02 -3.811617e-01
4.101000e+02 -3.953729e-01
4.104000e+02 -4.342080e-01
4.107000e+02 -5.084938e-01
4.110000e+02 -6.185899e-01
4.113000e+02 -7.546765e-01
4.116000e+02 -8.924773e-01
4.119000e+02 -1.033389e+00
4.122000e+02 -1.215907e+00
4.125000e+02 -1.402716e+00
4.128000e+02 -1.575941e+00
4.131000e+02 -1.771763e+00
4.134000e+02 -1.979000e+00
4.137000e+02 -2.087646e+00
4.140000e+02 -2.203305e+00
4.143000e+02 -2.363851e+00
4.146000e+02 -2.496059e+00
4.149000e+02 -2.571719e+00
4.152000e+02 -2.586173e+00
4.155000e+02 -2.516502e+00
4.158000e+02 -2.347889e+00
4.161000e+02 -2.070359e+00
4.164000e+02 -1.785706e+00
4.167000e+02 -1.710557e+00
4.170000e+02 -1.758901e+00
4.173000e+02 -1.475834e+00
4.176000e+02 -1.321603e+00
4.179000e+02 -1.219026e+00
4.182000e+02 -1.079168e+00
4.185000e+02 -9.226601e-01
4.188000e+02 -7.756238e-01
4.191000e+02 -6.381365e-01
4.194000e+02 -5.011369e-01
4.197000e+02 -3.916586e-01
4.200000e+02 -2.968770e-01
4.203000e+02 -2.244932e-01
4.206000e+02 -1.643176e-01
4.209000e+02 -1.210936e-01
4.212000e+02 -9.787295e-02
4.215000e+02 -1.157619e-01
4.218000e+02 -1.981762e-01
4.221000e+02 -3.469216e-01
4.224000e+02 -5.603618e-01
4.227000e+02 -8.670679e-01
4.230000e+02 -1.138507e+00
4.233000e+02 -1.153696e+00
4.236000e+02 -1.121662e+00
4.239000e+02 -1.240539e+00
4.242000e+02 -1.347932e+00
4.245000e+02 -1.398789e+00
4.248000e+02 -1.424318e+00
4.251000e+02 -1.470368e+00
4.254000e+02 -1.510842e+00
4.257000e+02 -1.600259e+00
4.260000e+02 -1.673128e+00
4.263000e+02 -1.712284e+00
4.266000e+02 -1.707393e+00
4.269000e+02 -1.639955e+00
4.272000e+02 -1.479010e+00
4.275000e+02 -1.261351e+00
4.278000e+02 -1.117501e+00
4.281000e+02 -1.102174e+00
4.284000e+02 -9.911038e-01
4.287000e+02 -7.354642e-01
4.290000e+02 -6.748562e-01
4.293000e+02 -6.061600e-01
4.296000e+02 -5.017401e-01
4.299000e+02 -4.066441e-01
4.302000e+02 -3.282915e-01
4.305000e+02 -2.573059e-01
4.308000e+02 -1.888968e-01
4.311000e+02 -1.389174e-01
4.314000e+02 -1.104028e-01
4.317000e+02 -8.231024e-02
4.320000e+02 -5.508770e-02
4.323000e+02 -2.792346e-02
4.326000e+02 6.379417e-03
4.329000e+02 4.179262e-02
4.332000e+02 5.564794e-02
4.335000e+02 4.998593e-02
4.338000e+02 -1.152386e-03
4.341000e+02 -1.160012e-01
4.344000e+02 -3.042135e-01
4.347000e+02 -5.534685e-01
4.350000e+02 -7.944277e-01
4.353000e+02 -9.754439e-01
4.356000e+02 -1.131367e+00
4.359000e+02 -1.311643e+00
4.362000e+02 -1.558649e+00
4.365000e+02 -1.588036e+00
4.368000e+02 -1.600345e+00
4.371000e+02 -1.673015e+00
4.374000e+02 -1.751622e+00
4.377000e+02 -1.801123e+00
4.380000e+02 -1.797050e+00
4.383000e+02 -1.731511e+00
4.386000e+02 -1.595947e+00
4.389000e+02 -1.428921e+00
4.392000e+02 -1.246620e+00
4.395000e+02 -1.072126e+00
4.398000e+02 -8.785490e-01
4.401000e+02 -6.211197e-01
4.404000e+02 -6.561130e-01
4.407000e+02 -6.176171e-01
4.410000e+02 -5.148499e-01
4.413000e+02 -3.971854e-01
4.416000e+02 -2.836828e-01
4.419000e+02 -1.725829e-01
4.422000e+02 -5.494813e-02
4.425000e+02 4.911320e-02
4.428000e+02 1.265663e-01
4.431000e+02 1.753700e-01
4.434000e+02 1.830076e-01
4.437000e+02 1.557384e-01
4.440000e+02 1.035252e-01
4.443000e+02 3.093676e-02
4.446000e+02 -9.210912e-02
4.449000e+02 -2.519340e-01
4.452000e+02 -4.102449e-01
4.455000e+02 -4.990355e-01
4.458000e+02 -5.644784e-01
4.461000e+02 -6.650438e-01
4.464000e+02 -8.042471e-01
4.467000e+02 -9.317796e-01
4.470000e+02 -9.058445e-01
4.473000e+02 -9.494352e-01
4.476000e+02 -1.019389e+00
4.479000e+02 -1.095604e+00
4.482000e+02 -1.158521e+00
4.485000e+02 -1.203361e+00
4.488000e+02 -1.216068e+00
4.491000e+02 -1.187393e+00
4.494000e+02 -1.138288e+00
4.497000e+02 -1.078899e+00
4.500000e+02 -9.967951e-01
4.503000e+02 -8.624963e-01
4.506000e+02 -6.393677e-01
4.509000e+02 -3.877320e-01
4.512000e+02 -1.590102e-01
4.515000e+02 -1.759442e-02
4.518000e+02 -1.707352e-02
4.521000e+02 -6.430023e-02
4.524000e+02 -5.549049e-02
4.527000e+02 -3.099441e-02
4.530000e+02 1.891288e-02
4.533000e+02 9.890273e-02
4.536000e+02 1.880492e-01
4.539000e+02 2.436369e-01
4.542000e+02 2.728882e-01
4.545000e+02 2.689001e-01
4.548000e+02 2.165273e-01
4.551000e+02 1.309323e-01
4.554000e+02 2.816476e-02
4.557000e+02 -7.367592e-02
4.560000e+02 -1.292456e-01
4.563000e+02 -1.700620e-01
4.566000e+02 -3.074539e-01
4.569000e+02 -4.864112e-01
4.572000e+02 -4.850923e-01
4.575000e+02 -4.726085e-01
4.578000e+02 -5.206247e-01
4.581000e+02 -5.812327e-01
4.584000e+02 -6.263918e-01
4.587000e+02 -6.390452e-01
4.590000e+02 -6.228292e-01
4.593000e+02 -5.652945e-01
4.596000e+02 -4.901068e-01
4.599000e+02 -4.179036e-01
4.602000e+02 -3.551527e-01
4.605000e+02 -2.702310e-01
4.608000e+02 -1.007089e-01
4.611000e+02 7.868727e-02
4.614000e+02 2.302059e-01
4.617000e+02 2.134463e-01
4.620000e+02 1.757717e-01
4.623000e+02 1.995114e-01
4.626000e+02 2.363510e-01
4.629000e+02 2.899038e-01
4.632000e+02 3.464334e-01
4.635000e+02 4.078198e-01
4.638000e+02 4.703353e-01
4.641000e+02 5.153027e-01
4.644000e+02 5.590308e-01
4.647000e+02 5.870752e-01
4.650000e+02 5.881466e-01
4.653000e+02 5.485997e-01
4.656000e+02 4.841704e-01
4.659000e+02 4.033349e-01
4.662000e+02 3.162194e-01
4.665000e+02 2.242624e-01
4.668000e+02 1.271508e-01
4.671000e+02 2.166911e-02
4.674000e+02 -8.786426e-02
4.677000e+02 -2.123034e-01
4.680000e+02 -3.655116e-01
4.683000e+02 -5.353199e-01
4.686000e+02 -7.192234e-01
4.689000e+02 -8.987629e-01
4.692000e+02 -1.050757e+00
4.695000e+02 -1.175908e+00
4.698000e+02 -1.274564e+00
4.701000e+02 -1.357402e+00
4.704000e+02 -1.417572e+00
4.707000e+02 -1.460504e+00
4.710000e+02 -1.473963e+00
4.713000e+02 -1.478802e+00
4.716000e+02 -1.447890e+00
4.719000e+02 -1.390505e+00
4.722000e+02 -1.315514e+00
4.725000e+02 -1.214255e+00
4.728000e+02 -1.151085e+00
4.731000e+02 -1.127584e+00
4.734000e+02 -1.166239e+00
4.737000e+02 -1.273353e+00
4.740000e+02 -1.353690e+00
4.743000e+02 -1.412783e+00
4.746000e+02 -1.471086e+00
4.749000e+02 -1.526915e+00
4.752000e+02 -1.577633e+00
4.755000e+02 -1.619709e+00
4.758000e+02 -1.661333e+00
4.761000e+02 -1.702723e+00
4.764000e+02 -1.734191e+00
4.767000e+02 -1.780932e+00
4.770000e+02 -1.856224e+00
4.773000e+02 -1.915616e+00
4.776000e+02 -1.989540e+00
4.779000e+02 -2.075051e+00
4.782000e+02 -2.096493e+00
4.785000e+02 -2.024390e+00
4.788000e+02 -1.931052e+00
4.791000e+02 -1.862550e+00
4.794000e+02 -1.822307e+00
4.797000e+02 -1.804680e+00
4.800000e+02 -1.778579e+00
4.803000e+02 -1.744104e+00
4.806000e+02 -1.703121e+00
4.809000e+02 -1.652619e+00
4.812000e+02 -1.591030e+00
4.815000e+02 -1.519370e+00
4.818000e+02 -1.279283e+00
4.821000e+02 -1.383536e+00
4.824000e+02 -1.315782e+00
4.827000e+02 -1.243338e+00
4.830000e+02 -1.161516e+00
4.833000e+02 -1.074648e+00
4.836000e+02 -9.821044e-01
4.839000e+02 -8.941195e-01
4.842000e+02 -8.075596e-01
4.845000e+02 -7.225304e-01
4.848000e+02 -6.386640e-01
4.851000e+02 -5.842252e-01
4.854000e+02 -5.531569e-01
4.857000e+02 -5.219204e-01
4.860000e+02 -4.876096e-01
4.863000e+02 -4.786700e-01
4.866000e+02 -4.920528e-01
4.869000e+02 -5.156424e-01
4.872000e+02 -5.510858e-01
4.875000e+02 -5.567375e-01
4.878000e+02 -5.096593e-01
4.881000e+02 -3.905043e-01
4.884000e+02 -2.053015e-01
4.887000e+02 -1.192059e-02
4.890000e+02 1.410515e-01
4.893000e+02 2.784875e-01
4.896000e+02 4.158247e-01
4.899000e+02 5.591191e-01
4.902000e+02 7.229140e-01
4.905000e+02 9.262412e-01
4.908000e+02 1.183306e+00
4.911000e+02 1.461280e+00
4.914000e+02 1.761401e+00
4.917000e+02 2.049457e+00
4.920000e+02 2.281239e+00
4.923000e+02 2.450407e+00
4.926000e+02 2.488178e+00
4.929000e+02 2.440654e+00
4.932000e+02 2.343888e+00
4.935000e+02 2.257353e+00
4.938000e+02 2.179678e+00
4.941000e+02 2.082398e+00
4.944000e+02 1.955896e+00
4.947000e+02 1.804930e+00
4.950000e+02 1.632618e+00
4.953000e+02 1.438704e+00
4.956000e+02 1.224573e+00
4.959000e+02 1.004200e+00
4.962000e+02 7.951030e-01
4.965000e+02 6.100351e-01
4.968000e+02 4.500065e-01
4.971000e+02 3.086048e-01
4.974000e+02 1.836197e-01
4.977000e+02 8.111334e-02
4.980000e+02 -9.471322e-03
4.983000e+02 -8.928903e-02
4.986000e+02 -1.513392e-01
4.989000e+02 -1.821889e-01
4.992000e+02 -1.799687e-01
4.995000e+02 -1.657607e-01
4.998000e+02 -1.372073e-01
5.001000e+02 -9.456442e-02
5.004000e+02 -2.980343e-02
5.007000e+02 1.295259e-01
5.010000e+02 1.969638e-01
5.013000e+02 1.709046e-01
5.016000e+02 1.699130e-01
5.019000e+02 2.135888e-01
5.022000e+02 2.779407e-01
5.025000e+02 3.572260e-01
5.028000e+02 4.502802e-01
5.031000e+02 5.633262e-01
5.034000e+02 6.940857e-01
5.037000e+02 8.231089e-01
5.040000e+02 9.261082e-01
5.043000e+02 9.895217e-01
5.046000e+02 1.018809e+00
5.049000e+02 9.861126e-01
5.052000e+02 8.780495e-01
5.055000e+02 7.310635e-01
5.058000e+02 5.489875e-01
5.061000e+02 3.664475e-01
5.064000e+02 1.945544e-01
5.067000e+02 2.454554e-01
5.070000e+02 3.547856e-01
5.073000e+02 3.919732e-01
5.076000e+02 3.725156e-01
5.079000e+02 3.133576e-01
5.082000e+02 2.338994e-01
5.085000e+02 1.446510e-01
5.088000e+02 5.589450e-02
5.091000e+02 -2.303100e-02
5.094000e+02 -8.177632e-02
5.097000e+02 -1.341730e-01
5.100000e+02 -1.739060e-01
5.103000e+02 -2.076826e-01
5.106000e+02 -2.280553e-01
5.109000e+02 -2.249272e-01
5.112000e+02 -1.867980e-01
5.115000e+02 -9.266568e-02
5.118000e+02 6.474796e-02
5.121000e+02 2.141235e-01
5.124000e+02 2.799223e-01
5.127000e+02 3.130565e-01
5.130000e+02 4.437361e-01
5.133000e+02 5.049197e-01
5.136000e+02 4.491860e-01
5.139000e+02 4.638566e-01
5.142000e+02 4.960108e-01
5.145000e+02 5.368417e-01
5.148000e+02 5.759491e-01
5.151000e+02 6.051277e-01
5.154000e+02 6.076616e-01
5.157000e+02 5.547900e-01
5.160000e+02 4.503026e-01
5.163000e+02 2.897819e-01
5.166000e+02 9.294388e-02
5.169000e+02 -1.239551e-01
5.172000e+02 -3.238505e-01
5.175000e+02 -4.845197e-01
5.178000e+02 -5.472736e-01
5.181000e+02 -4.824539e-01
5.184000e+02 -4.149586e-01
5.187000e+02 -4.051538e-01
5.190000e+02 -4.219282e-01
5.193000e+02 -4.576069e-01
5.196000e+02 -5.107830e-01
5.199000e+02 -5.796006e-01
5.202000e+02 -6.389019e-01
5.205000e+02 -6.821183e-01
5.208000e+02 -7.303185e-01
5.211000e+02 -7.720338e-01
5.214000e+02 -8.029924e-01
5.217000e+02 -8.189567e-01
5.220000e+02 -8.223337e-01
5.223000e+02 -8.079258e-01
5.226000e+02 -7.785892e-01
5.229000e+02 -7.350737e-01
5.232000e+02 -6.683122e-01
5.235000e+02 -5.732127e-01
5.238000e+02 -4.634094e-01
5.241000e+02 -3.816404e-01
5.244000e+02 -2.696748e-01
5.247000e+02 -1.467657e-01
5.250000e+02 -6.781081e-02
