0.000000e+00 0.000000e+00
3.000000e-01 -1.104355e-04
6.000000e-01 -4.620568e-05
9.000000e-01 -1.645029e-05
1.200000e+00 -9.498962e-05
1.500000e+00 4.929409e-05
1.800000e+00 3.345387e-06
2.100000e+00 4.661531e-05
2.400000e+00 4.987788e-05
2.700000e+00 3.803108e-05
3.000000e+00 2.746244e-05
3.300000e+00 8.373392e-06
3.600000e+00 1.673375e-04
3.900000e+00 3.678713e-05
4.200000e+00 1.923763e-05
4.500000e+00 2.005637e-04
4.800000e+00 6.589853e-07
5.100000e+00 2.518911e-05
5.400000e+00 5.116532e-05
5.700000e+00 5.130127e-05
6.000000e+00 3.083225e-05
6.300000e+00 8.366347e-06
6.600000e+00 -6.551357e-05
6.900000e+00 -6.640095e-05
7.200000e+00 -3.381390e-05
7.500000e+00 1.351641e-05
7.800000e+00 5.091045e-05
8.100000e+00 1.221096e-04
8.400000e+00 5.021738e-05
8.700000e+00 9.589381e-05
9.000000e+00 2.275478e-05
9.300000e+00 1.659992e-05
9.600000e+00 7.083632e-05
9.900000e+00 4.534749e-05
1.020000e+01 3.797883e-05
1.050000e+01 -1.382123e-04
1.080000e+01 -8.904004e-04
1.110000e+01 -3.169070e-05
1.140000e+01 3.854923e-06
1.170000e+01 -2.623532e-04
1.200000e+01 -1.501052e-04
1.230000e+01 -9.287335e-05
1.260000e+01 1.998505e-05
1.290000e+01 -1.730049e-04
1.320000e+01 -3.223894e-05
1.350000e+01 1.453585e-04
1.380000e+01 3.292540e-04
1.410000e+01 7.723106e-05
1.440000e+01 9.056917e-05
1.470000e+01 -4.962292e-05
1.500000e+01 -2.563264e-05
1.530000e+01 -1.210484e-04
1.560000e+01 -1.420440e-04
1.590000e+01 -9.956463e-05
1.620000e+01 -7.401982e-05
1.650000e+01 1.561470e-06
1.680000e+01 -4.624874e-05
1.710000e+01 -1.045934e-04
1.740000e+01 -7.713721e-05
1.770000e+01 -8.679718e-05
1.800000e+01 -8.671853e-05
1.830000e+01 -1.045712e-04
1.860000e+01 -8.815155e-05
1.890000e+01 -6.331899e-05
1.920000e+01 -2.950248e-05
1.950000e+01 -3.031080e-05
1.980000e+01 -2.398658e-05
2.010000e+01 1.086911e-05
2.040000e+01 -1.013864e-05
2.070000e+01 -9.004413e-06
2.100000e+01 -7.892323e-06
2.130000e+01 4.816428e-06
2.160000e+01 -4.924048e-05
2.190000e+01 7.868553e-05
2.220000e+01 1.128925e-04
2.250000e+01 1.257871e-04
2.280000e+01 1.609666e-04
2.310000e+01 -2.568835e-04
2.340000e+01 9.358338e-05
2.370000e+01 6.831400e-05
2.400000e+01 -4.064783e-05
2.430000e+01 -2.613929e-05
2.460000e+01 3.889147e-05
2.490000e+01 -3.142666e-06
2.520000e+01 -3.422734e-06
2.550000e+01 4.066084e-04
2.580000e+01 4.720485e-05
2.610000e+01 1.584501e-04
2.640000e+01 1.006780e-04
2.670000e+01 1.523502e-04
2.700000e+01 1.624687e-04
2.730000e+01 1.009398e-05
2.760000e+01 2.952178e-04
2.790000e+01 3.083358e-04
2.820000e+01 3.530409e-04
2.850000e+01 3.674458e-04
2.880000e+01 6.151261e-04
2.910000e+01 4.206612e-04
2.940000e+01 4.331841e-04
2.970000e+01 4.471682e-04
3.000000e+01 4.211717e-04
3.030000e+01 4.088767e-04
3.060000e+01 2.011217e-04
3.090000e+01 3.623877e-04
3.120000e+01 3.448000e-04
3.150000e+01 3.082096e-04
3.180000e+01 2.866359e-04
3.210000e+01 2.461652e-04
3.240000e+01 1.735186e-04
3.270000e+01 1.886608e-04
3.300000e+01 1.485539e-04
3.330000e+01 1.862665e-04
3.360000e+01 2.545416e-04
3.390000e+01 3.329872e-04
3.420000e+01 3.978067e-04
3.450000e+01 4.317729e-04
3.480000e+01 5.255409e-04
3.510000e+01 4.948557e-04
3.540000e+01 5.119368e-04
3.570000e+01 2.413699e-04
3.600000e+01 5.194094e-04
3.630000e+01 5.405053e-04
3.660000e+01 5.794656e-04
3.690000e+01 5.501140e-04
3.720000e+01 6.355973e-04
3.750000e+01 4.622542e-04
3.780000e+01 4.039165e-04
3.810000e+01 3.018882e-04
3.840000e+01 2.172033e-04
3.870000e+01 2.069002e-04
3.900000e+01 1.685487e-04
3.930000e+01 4.703509e-04
3.960000e+01 -3.115208e-04
3.990000e+01 5.683038e-05
4.020000e+01 3.797772e-05
4.050000e+01 1.501531e-05
4.080000e+01 1.226498e-04
4.110000e+01 -7.604734e-06
4.140000e+01 -7.472284e-05
4.170000e+01 4.463717e-05
4.200000e+01 1.074922e-04
4.230000e+01 -6.728171e-05
4.260000e+01 -1.742949e-04
4.290000e+01 -2.812691e-05
4.320000e+01 -6.729927e-05
4.350000e+01 -1.075834e-04
4.380000e+01 -1.577659e-04
4.410000e+01 -2.281791e-04
4.440000e+01 -2.302958e-04
4.470000e+01 -3.001481e-04
4.500000e+01 -3.294536e-04
4.530000e+01 -3.700458e-04
4.560000e+01 -4.145692e-04
4.590000e+01 -4.716544e-04
4.620000e+01 -5.848962e-04
4.650000e+01 -5.933492e-04
4.680000e+01 -7.246125e-04
4.710000e+01 -7.744212e-04
4.740000e+01 -8.572332e-04
4.770000e+01 -8.049963e-04
4.800000e+01 -8.319721e-04
4.830000e+01 -8.642159e-04
4.860000e+01 -8.825846e-04
4.890000e+01 -8.831157e-04
4.920000e+01 -8.647756e-04
4.950000e+01 -8.400464e-04
4.980000e+01 -8.379887e-04
5.010000e+01 -8.304668e-04
5.040000e+01 -8.196631e-04
5.070000e+01 -7.613636e-04
5.100000e+01 -8.107167e-04
5.130000e+01 -7.656261e-04
5.160000e+01 -7.722398e-04
5.190000e+01 -7.616605e-04
5.220000e+01 -8.478180e-04
5.250000e+01 -6.077017e-04
5.280000e+01 -7.509508e-04
5.310000e+01 -1.030714e-03
5.340000e+01 -1.498113e-03
5.370000e+01 -1.030999e-03
5.400000e+01 -1.265194e-03
5.430000e+01 -1.140262e-03
5.460000e+01 -1.100778e-03
5.490000e+01 -1.028223e-03
5.520000e+01 -9.349241e-04
5.550000e+01 -8.595609e-04
5.580000e+01 -7.898795e-04
5.610000e+01 -2.520498e-04
5.640000e+01 -5.413531e-04
5.670000e+01 -7.176551e-04
5.700000e+01 -1.803557e-04
5.730000e+01 -5.366351e-05
5.760000e+01 -1.440956e-04
5.790000e+01 1.978409e-04
5.820000e+01 2.401371e-04
5.850000e+01 3.219314e-04
5.880000e+01 2.792739e-04
5.910000e+01 3.080471e-04
5.940000e+01 3.454866e-04
5.970000e+01 3.496271e-04
6.000000e+01 3.830939e-04
6.030000e+01 2.901363e-04
6.060000e+01 4.226071e-04
6.090000e+01 4.397897e-04
6.120000e+01 4.960759e-04
6.150000e+01 5.637961e-04
6.180000e+01 7.544389e-04
6.210000e+01 9.170918e-04
6.240000e+01 1.088276e-03
6.270000e+01 1.257368e-03
6.300000e+01 1.576700e-03
6.330000e+01 1.697969e-03
6.360000e+01 1.924231e-03
6.390000e+01 2.135855e-03
6.420000e+01 2.392574e-03
6.450000e+01 2.538493e-03
6.480000e+01 2.625506e-03
6.510000e+01 2.742393e-03
6.540000e+01 2.855222e-03
6.570000e+01 2.953104e-03
6.600000e+01 3.050065e-03
6.630000e+01 3.236942e-03
6.660000e+01 3.278366e-03
6.690000e+01 3.282293e-03
6.720000e+01 3.283541e-03
6.750000e+01 3.257452e-03
6.780000e+01 3.200688e-03
6.810000e+01 3.232445e-03
6.840000e+01 3.644403e-03
6.870000e+01 3.126075e-03
6.900000e+01 3.363279e-03
6.930000e+01 3.272204e-03
6.960000e+01 3.362371e-03
6.990000e+01 2.951774e-03
7.020000e+01 3.082015e-03
7.050000e+01 3.218730e-03
7.080000e+01 2.819891e-03
7.110000e+01 2.760324e-03
7.140000e+01 2.280210e-03
7.170000e+01 2.180959e-03
7.200000e+01 2.391504e-03
7.230000e+01 2.396794e-03
7.260000e+01 2.339589e-03
7.290000e+01 2.304570e-03
7.320000e+01 2.257709e-03
7.350000e+01 2.191518e-03
7.380000e+01 2.149329e-03
7.410000e+01 2.037138e-03
7.440000e+01 2.109984e-03
7.470000e+01 2.642240e-03
7.500000e+01 1.690847e-03
7.530000e+01 1.454729e-03
7.560000e+01 1.135786e-03
7.590000e+01 7.590661e-04
7.620000e+01 2.219098e-04
7.650000e+01 -3.921629e-04
7.680000e+01 -8.767305e-04
7.710000e+01 -1.162344e-03
7.740000e+01 -2.256127e-03
7.770000e+01 -3.068329e-03
7.800000e+01 -3.811832e-03
7.830000e+01 -4.593442e-03
7.860000e+01 -5.149190e-03
7.890000e+01 -6.004568e-03
7.920000e+01 -6.457284e-03
7.950000e+01 -6.954485e-03
7.980000e+01 -6.936321e-03
8.010000e+01 -7.403919e-03
8.040000e+01 -7.627847e-03
8.070000e+01 -7.520258e-03
8.100000e+01 -8.062968e-03
8.130000e+01 -8.371036e-03
8.160000e+01 -8.659605e-03
8.190000e+01 -9.080130e-03
8.220000e+01 -9.981778e-03
8.250000e+01 -1.032368e-02
8.280000e+01 -1.143632e-02
8.310000e+01 -1.149763e-02
8.340000e+01 -1.190917e-02
8.370000e+01 -1.229442e-02
8.400000e+01 -1.286768e-02
8.430000e+01 -1.314687e-02
8.460000e+01 -1.343125e-02
8.490000e+01 -1.369702e-02
8.520000e+01 -1.350292e-02
8.550000e+01 -1.401364e-02
8.580000e+01 -1.377194e-02
8.610000e+01 -1.393878e-02
8.640000e+01 -1.369841e-02
8.670000e+01 -1.330993e-02
8.700000e+01 -1.252449e-02
8.730000e+01 -1.252724e-02
8.760000e+01 -1.278463e-02
8.790000e+01 -1.320947e-02
8.820000e+01 -1.428206e-02
8.850000e+01 -1.483454e-02
8.880000e+01 -1.594038e-02
8.910000e+01 -1.624714e-02
8.940000e+01 -1.692542e-02
8.970000e+01 -1.730212e-02
9.000000e+01 -1.759903e-02
9.030000e+01 -1.761141e-02
9.060000e+01 -1.717289e-02
9.090000e+01 -1.657474e-02
9.120000e+01 -1.520831e-02
9.150000e+01 -1.312104e-02
9.180000e+01 -1.083652e-02
9.210000e+01 -8.858841e-03
9.240000e+01 -7.165950e-03
9.270000e+01 -5.105313e-03
9.300000e+01 -1.841126e-03
9.330000e+01 9.501824e-04
9.360000e+01 3.585509e-03
9.390000e+01 5.821361e-03
9.420000e+01 8.826015e-03
9.450000e+01 1.070293e-02
9.480000e+01 1.121797e-02
9.510000e+01 1.168732e-02
9.540000e+01 1.209126e-02
9.570000e+01 1.212652e-02
9.600000e+01 1.230995e-02
9.630000e+01 1.283887e-02
9.660000e+01 1.327066e-02
9.690000e+01 1.411632e-02
9.720000e+01 1.436654e-02
9.750000e+01 1.603533e-02
9.780000e+01 1.746803e-02
9.810000e+01 1.962694e-02
9.840000e+01 2.256936e-02
9.870000e+01 2.594438e-02
9.900000e+01 3.008799e-02
9.930000e+01 3.380641e-02
9.960000e+01 3.711970e-02
9.990000e+01 4.106099e-02
1.002000e+02 4.469732e-02
1.005000e+02 4.793919e-02
1.008000e+02 5.164662e-02
1.011000e+02 5.436116e-02
1.014000e+02 5.646651e-02
1.017000e+02 5.902139e-02
1.020000e+02 6.145849e-02
1.023000e+02 6.237905e-02
1.026000e+02 6.307072e-02
1.029000e+02 6.385064e-02
1.032000e+02 6.459441e-02
1.035000e+02 6.485911e-02
1.038000e+02 6.663951e-02
1.041000e+02 6.956778e-02
1.044000e+02 7.181986e-02
1.047000e+02 7.546440e-02
1.050000e+02 7.931069e-02
1.053000e+02 8.149623e-02
1.056000e+02 8.268855e-02
1.059000e+02 8.421245e-02
1.062000e+02 8.437146e-02
1.065000e+02 8.459392e-02
1.068000e+02 8.378937e-02
1.071000e+02 8.218156e-02
1.074000e+02 7.949539e-02
1.077000e+02 7.527283e-02
1.080000e+02 7.161617e-02
1.083000e+02 6.796988e-02
1.086000e+02 6.236024e-02
1.089000e+02 5.525021e-02
1.092000e+02 4.764149e-02
1.095000e+02 3.945178e-02
1.098000e+02 3.044892e-02
1.101000e+02 2.423082e-02
1.104000e+02 2.293299e-02
1.107000e+02 2.272202e-02
1.110000e+02 2.187069e-02
1.113000e+02 2.331296e-02
1.116000e+02 2.497287e-02
1.119000e+02 2.533521e-02
1.122000e+02 2.683554e-02
1.125000e+02 2.857573e-02
1.128000e+02 2.868618e-02
1.131000e+02 2.575866e-02
1.134000e+02 2.183917e-02
1.137000e+02 1.629378e-02
1.140000e+02 7.131350e-03
1.143000e+02 -5.444297e-03
1.146000e+02 -2.016724e-02
1.149000e+02 -3.511327e-02
1.152000e+02 -5.126658e-02
1.155000e+02 -6.813196e-02
1.158000e+02 -8.310899e-02
1.161000e+02 -9.784451e-02
1.164000e+02 -1.143555e-01
1.167000e+02 -1.298984e-01
1.170000e+02 -1.439091e-01
1.173000e+02 -1.587784e-01
1.176000e+02 -1.748342e-01
1.179000e+02 -1.887421e-01
1.182000e+02 -1.984266e-01
1.185000e+02 -2.041016e-01
1.188000e+02 -2.115182e-01
1.191000e+02 -2.205754e-01
1.194000e+02 -2.291512e-01
1.197000e+02 -2.371994e-01
1.200000e+02 -2.482654e-01
1.203000e+02 -2.590731e-01
1.206000e+02 -2.679056e-01
1.209000e+02 -2.776641e-01
1.212000e+02 -2.905199e-01
1.215000e+02 -3.042193e-01
1.218000e+02 -3.185229e-01
1.221000e+02 -3.327524e-01
1.224000e+02 -3.481104e-01
1.227000e+02 -3.617619e-01
1.230000e+02 -3.719820e-01
1.233000e+02 -3.780237e-01
1.236000e+02 -3.829471e-01
1.239000e+02 -3.931366e-01
1.242000e+02 -3.989801e-01
1.245000e+02 -3.970618e-01
1.248000e+02 -3.888535e-01
1.251000e+02 -3.791079e-01
1.254000e+02 -3.691093e-01
1.257000e+02 -3.545165e-01
1.260000e+02 -3.422718e-01
1.263000e+02 -3.408379e-01
1.266000e+02 -3.470147e-01
1.269000e+02 -3.571832e-01
1.272000e+02 -3.713286e-01
1.275000e+02 -3.845652e-01
1.278000e+02 -3.976032e-01
1.281000e+02 -4.128785e-01
1.284000e+02 -4.255196e-01
1.287000e+02 -4.335701e-01
1.290000e+02 -4.380256e-01
1.293000e+02 -4.407637e-01
1.296000e+02 -4.376778e-01
1.299000e+02 -4.267614e-01
1.302000e+02 -4.052533e-01
1.305000e+02 -3.746142e-01
1.308000e+02 -3.355976e-01
1.311000e+02 -2.927626e-01
1.314000e+02 -2.469310e-01
1.317000e+02 -1.949502e-01
1.320000e+02 -1.399640e-01
1.323000e+02 -8.386176e-02
1.326000e+02 -2.656427e-02
1.329000e+02 3.381740e-02
1.332000e+02 9.753434e-02
1.335000e+02 1.570988e-01
1.338000e+02 2.126697e-01
1.341000e+02 2.652137e-01
1.344000e+02 3.104768e-01
1.347000e+02 3.491084e-01
1.350000e+02 3.838612e-01
1.353000e+02 4.160937e-01
1.356000e+02 4.448636e-01
1.359000e+02 4.746163e-01
1.362000e+02 5.076347e-01
1.365000e+02 5.483104e-01
1.368000e+02 5.905798e-01
1.371000e+02 6.308594e-01
1.374000e+02 6.690135e-01
1.377000e+02 7.090261e-01
1.380000e+02 7.538270e-01
1.383000e+02 8.051109e-01
1.386000e+02 8.620581e-01
1.389000e+02 9.212173e-01
1.392000e+02 9.821327e-01
1.395000e+02 1.041488e+00
1.398000e+02 1.099495e+00
1.401000e+02 1.153452e+00
1.404000e+02 1.201009e+00
1.407000e+02 1.244531e+00
1.410000e+02 1.283201e+00
1.413000e+02 1.321205e+00
1.416000e+02 1.355985e+00
1.419000e+02 1.384573e+00
1.422000e+02 1.411614e+00
1.425000e+02 1.445384e+00
1.428000e+02 1.491039e+00
1.431000e+02 1.527427e+00
1.434000e+02 1.548550e+00
1.437000e+02 1.563157e+00
1.440000e+02 1.569569e+00
1.443000e+02 1.561149e+00
1.446000e+02 1.531586e+00
1.449000e+02 1.480418e+00
1.452000e+02 1.407878e+00
1.455000e+02 1.309714e+00
1.458000e+02 1.185684e+00
1.461000e+02 1.034633e+00
1.464000e+02 8.559674e-01
1.467000e+02 6.618233e-01
1.470000e+02 4.681555e-01
1.473000e+02 2.691719e-01
1.476000e+02 6.752840e-02
1.479000e+02 -1.246984e-01
1.482000e+02 -2.968850e-01
1.485000e+02 -4.404525e-01
1.488000e+02 -5.875547e-01
1.491000e+02 -8.006867e-01
1.494000e+02 -9.900974e-01
1.497000e+02 -1.092571e+00
1.500000e+02 -1.153015e+00
1.503000e+02 -1.240058e+00
1.506000e+02 -1.323660e+00
1.509000e+02 -1.395956e+00
1.512000e+02 -1.468425e+00
1.515000e+02 -1.540796e+00
1.518000e+02 -1.586195e+00
1.521000e+02 -1.604549e+00
1.524000e+02 -1.593866e+00
1.527000e+02 -1.545479e+00
1.530000e+02 -1.503425e+00
1.533000e+02 -1.554617e+00
1.536000e+02 -1.633895e+00
1.539000e+02 -1.583472e+00
1.542000e+02 -1.385043e+00
1.545000e+02 -1.120515e+00
1.548000e+02 -8.501131e-01
1.551000e+02 -5.708467e-01
1.554000e+02 -3.270299e-01
1.557000e+02 -1.428539e-01
1.560000e+02 2.004436e-03
1.563000e+02 1.019874e-01
1.566000e+02 1.404817e-01
1.569000e+02 1.332616e-01
1.572000e+02 8.413423e-02
1.575000e+02 1.862184e-02
1.578000e+02 -4.957089e-02
1.581000e+02 -1.000825e-01
1.584000e+02 -1.193401e-01
1.587000e+02 -9.618282e-02
1.590000e+02 -1.339226e-01
1.593000e+02 -2.180855e-01
1.596000e+02 -2.747401e-01
1.599000e+02 -2.183536e-01
1.602000e+02 -2.513493e-01
1.605000e+02 -3.932842e-01
1.608000e+02 -4.572245e-01
1.611000e+02 -4.735504e-01
1.614000e+02 -4.855734e-01
1.617000e+02 -4.774849e-01
1.620000e+02 -4.472686e-01
1.623000e+02 -3.820924e-01
1.626000e+02 -2.966843e-01
1.629000e+02 -2.178672e-01
1.632000e+02 -1.434691e-01
1.635000e+02 -6.879148e-02
1.638000e+02 1.057853e-02
1.641000e+02 7.552350e-03
1.644000e+02 -9.317516e-02
1.647000e+02 -1.909272e-01
1.650000e+02 -1.668218e-01
1.653000e+02 -2.320682e-02
1.656000e+02 1.657475e-01
1.659000e+02 2.766653e-01
1.662000e+02 3.233848e-01
1.665000e+02 3.192313e-01
1.668000e+02 2.791803e-01
1.671000e+02 2.565807e-01
1.674000e+02 2.371892e-01
1.677000e+02 2.444586e-01
1.680000e+02 2.863236e-01
1.683000e+02 3.234650e-01
1.686000e+02 3.276015e-01
1.689000e+02 2.898477e-01
1.692000e+02 2.289552e-01
1.695000e+02 1.284610e-01
1.698000e+02 -3.996981e-03
1.701000e+02 -1.633386e-01
1.704000e+02 -3.469245e-01
1.707000e+02 -5.447390e-01
1.710000e+02 -7.568404e-01
1.713000e+02 -9.981146e-01
1.716000e+02 -1.234012e+00
1.719000e+02 -1.407239e+00
1.722000e+02 -1.519821e+00
1.725000e+02 -1.629408e+00
1.728000e+02 -1.741029e+00
1.731000e+02 -1.847788e+00
1.734000e+02 -1.981848e+00
1.737000e+02 -2.133280e+00
1.740000e+02 -2.297490e+00
1.743000e+02 -2.504305e+00
1.746000e+02 -2.698930e+00
1.749000e+02 -2.816295e+00
1.752000e+02 -2.893164e+00
1.755000e+02 -2.877469e+00
1.758000e+02 -2.900173e+00
1.761000e+02 -2.850474e+00
1.764000e+02 -2.781556e+00
1.767000e+02 -2.701095e+00
1.770000e+02 -2.558049e+00
1.773000e+02 -2.426732e+00
1.776000e+02 -2.144839e+00
1.779000e+02 -1.884107e+00
1.782000e+02 -1.545983e+00
1.785000e+02 -1.356074e+00
1.788000e+02 -1.019685e+00
1.791000e+02 -6.617805e-01
1.794000e+02 -2.400465e-01
1.797000e+02 2.283599e-01
1.800000e+02 6.017872e-01
1.803000e+02 9.498409e-01
1.806000e+02 1.227605e+00
1.809000e+02 1.385162e+00
1.812000e+02 1.434675e+00
1.815000e+02 1.495681e+00
1.818000e+02 1.583225e+00
1.821000e+02 1.684762e+00
1.824000e+02 1.789031e+00
1.827000e+02 1.861290e+00
1.830000e+02 1.906491e+00
1.833000e+02 1.932428e+00
1.836000e+02 1.996148e+00
1.839000e+02 2.065608e+00
1.842000e+02 2.263990e+00
1.845000e+02 2.230779e+00
1.848000e+02 2.053065e+00
1.851000e+02 1.810188e+00
1.854000e+02 1.468585e+00
1.857000e+02 1.083133e+00
1.860000e+02 7.253078e-01
1.863000e+02 4.339104e-01
1.866000e+02 2.025656e-01
1.869000e+02 3.958183e-02
1.872000e+02 1.304640e-02
1.875000e+02 6.499911e-02
1.878000e+02 1.181785e-01
1.881000e+02 1.664875e-01
1.884000e+02 3.327425e-01
1.887000e+02 5.237254e-01
1.890000e+02 6.785089e-01
1.893000e+02 8.388072e-01
1.896000e+02 1.021549e+00
1.899000e+02 1.148257e+00
1.902000e+02 1.174194e+00
1.905000e+02 1.134496e+00
1.908000e+02 1.076360e+00
1.911000e+02 1.103054e+00
1.914000e+02 1.251773e+00
1.917000e+02 1.255585e+00
1.920000e+02 1.158269e+00
1.923000e+02 1.036208e+00
1.926000e+02 9.017375e-01
1.929000e+02 7.593037e-01
1.932000e+02 6.569724e-01
1.935000e+02 5.831456e-01
1.938000e+02 4.597671e-01
1.941000e+02 2.837743e-01
1.944000e+02 1.099255e-01
1.947000e+02 3.645758e-02
1.950000e+02 6.833277e-02
1.953000e+02 1.880855e-01
1.956000e+02 2.473867e-01
1.959000e+02 1.883028e-01
1.962000e+02 2.725122e-02
1.965000e+02 1.739874e-03
1.968000e+02 4.533770e-02
1.971000e+02 9.945985e-02
1.974000e+02 1.392021e-01
1.977000e+02 1.531277e-01
1.980000e+02 1.524469e-01
1.983000e+02 1.463521e-01
1.986000e+02 1.114199e-01
1.989000e+02 -1.068341e-02
1.992000e+02 -1.723569e-01
1.995000e+02 -2.964633e-01
1.998000e+02 -3.767580e-01
2.001000e+02 -3.860741e-01
2.004000e+02 -3.665448e-01
2.007000e+02 -3.742704e-01
2.010000e+02 -4.384510e-01
2.013000e+02 -5.455994e-01
2.016000e+02 -6.568064e-01
2.019000e+02 -7.299760e-01
2.022000e+02 -7.798622e-01
2.025000e+02 -8.252072e-01
2.028000e+02 -8.863650e-01
2.031000e+02 -9.653183e-01
2.034000e+02 -1.008466e+00
2.037000e+02 -9.977718e-01
2.040000e+02 -9.858126e-01
2.043000e+02 -1.047653e+00
2.046000e+02 -1.204182e+00
2.049000e+02 -1.409296e+00
2.052000e+02 -1.608687e+00
2.055000e+02 -1.780043e+00
2.058000e+02 -1.915832e+00
2.061000e+02 -2.004062e+00
2.064000e+02 -2.092103e+00
2.067000e+02 -2.195682e+00
2.070000e+02 -2.305459e+00
2.073000e+02 -2.395835e+00
2.076000e+02 -2.444123e+00
2.079000e+02 -2.462443e+00
2.082000e+02 -2.478245e+00
2.085000e+02 -2.507615e+00
2.088000e+02 -2.539275e+00
2.091000e+02 -2.517149e+00
2.094000e+02 -2.454103e+00
2.097000e+02 -2.412306e+00
2.100000e+02 -2.361775e+00
2.103000e+02 -2.264499e+00
2.106000e+02 -2.159870e+00
2.109000e+02 -1.999803e+00
2.112000e+02 -1.783107e+00
2.115000e+02 -1.593612e+00
2.118000e+02 -1.546110e+00
2.121000e+02 -1.247361e+00
2.124000e+02 -8.661433e-01
2.127000e+02 -4.899604e-01
2.130000e+02 -1.792730e-01
2.133000e+02 1.714990e-01
2.136000e+02 4.769014e-01
2.139000e+02 7.168088e-01
2.142000e+02 8.761117e-01
2.145000e+02 1.053732e+00
2.148000e+02 1.250155e+00
2.151000e+02 1.426514e+00
2.154000e+02 1.533438e+00
2.157000e+02 1.534958e+00
2.160000e+02 1.629983e+00
2.163000e+02 1.739597e+00
2.166000e+02 1.872533e+00
2.169000e+02 1.989476e+00
2.172000e+02 2.090497e+00
2.175000e+02 2.228970e+00
2.178000e+02 2.363061e+00
2.181000e+02 2.476786e+00
2.184000e+02 2.537998e+00
2.187000e+02 2.578770e+00
2.190000e+02 2.501495e+00
2.193000e+02 2.344938e+00
2.196000e+02 2.251948e+00
2.199000e+02 2.203289e+00
2.202000e+02 2.118138e+00
2.205000e+02 2.045435e+00
2.208000e+02 1.960088e+00
2.211000e+02 1.793241e+00
2.214000e+02 1.564706e+00
2.217000e+02 1.327498e+00
2.220000e+02 1.069681e+00
2.223000e+02 8.047587e-01
2.226000e+02 5.587406e-01
2.229000e+02 3.584751e-01
2.232000e+02 2.509165e-01
2.235000e+02 2.493200e-01
2.238000e+02 3.137840e-01
2.241000e+02 3.833078e-01
2.244000e+02 4.334952e-01
2.247000e+02 4.697254e-01
2.250000e+02 4.801643e-01
2.253000e+02 4.593412e-01
2.256000e+02 5.100703e-01
2.259000e+02 5.937395e-01
2.262000e+02 5.696135e-01
2.265000e+02 5.776569e-01
2.268000e+02 7.001542e-01
2.271000e+02 8.715910e-01
2.274000e+02 9.561637e-01
2.277000e+02 1.013725e+00
2.280000e+02 1.078857e+00
2.283000e+02 1.130811e+00
2.286000e+02 1.132803e+00
2.289000e+02 1.065593e+00
2.292000e+02 9.296301e-01
2.295000e+02 7.651144e-01
2.298000e+02 5.902301e-01
2.301000e+02 4.087258e-01
2.304000e+02 2.350326e-01
2.307000e+02 8.653744e-02
2.310000e+02 -1.064386e-01
2.313000e+02 -2.758791e-01
2.316000e+02 -4.307560e-01
2.319000e+02 -5.520110e-01
2.322000e+02 -7.103317e-01
2.325000e+02 -9.209811e-01
2.328000e+02 -1.215380e+00
2.331000e+02 -1.478249e+00
2.334000e+02 -1.686876e+00
2.337000e+02 -1.869553e+00
2.340000e+02 -2.060800e+00
2.343000e+02 -2.294042e+00
2.346000e+02 -2.548202e+00
2.349000e+02 -2.782884e+00
2.352000e+02 -2.921025e+00
2.355000e+02 -2.939560e+00
2.358000e+02 -2.911546e+00
2.361000e+02 -2.884649e+00
2.364000e+02 -2.834515e+00
2.367000e+02 -2.750340e+00
2.370000e+02 -2.663830e+00
2.373000e+02 -2.555267e+00
2.376000e+02 -2.429474e+00
2.379000e+02 -2.291600e+00
2.382000e+02 -2.125283e+00
2.385000e+02 -1.944998e+00
2.388000e+02 -1.733823e+00
2.391000e+02 -1.498150e+00
2.394000e+02 -1.248845e+00
2.397000e+02 -1.052656e+00
2.400000e+02 -8.661198e-01
2.403000e+02 -7.398247e-01
2.406000e+02 -7.230533e-01
2.409000e+02 -7.298330e-01
2.412000e+02 -6.882990e-01
2.415000e+02 -6.304982e-01
2.418000e+02 -6.287919e-01
2.421000e+02 -6.701806e-01
2.424000e+02 -7.154658e-01
2.427000e+02 -7.077070e-01
2.430000e+02 -6.324568e-01
2.433000e+02 -4.867318e-01
2.436000e+02 -3.305471e-01
2.439000e+02 -2.563627e-01
2.442000e+02 -3.130259e-01
2.445000e+02 -3.459747e-01
2.448000e+02 -3.753031e-01
2.451000e+02 -3.891836e-01
2.454000e+02 -4.194824e-01
2.457000e+02 -4.610206e-01
2.460000e+02 -4.642549e-01
2.463000e+02 -4.324266e-01
2.466000e+02 -3.686281e-01
2.469000e+02 -2.731022e-01
2.472000e+02 -1.529077e-01
2.475000e+02 -1.890745e-02
2.478000e+02 1.358954e-01
2.481000e+02 3.395533e-01
2.484000e+02 5.616922e-01
2.487000e+02 7.752350e-01
2.490000e+02 9.653904e-01
2.493000e+02 1.133767e+00
2.496000e+02 1.268600e+00
2.499000e+02 1.387519e+00
2.502000e+02 1.482316e+00
2.505000e+02 1.563605e+00
2.508000e+02 1.658184e+00
2.511000e+02 1.789849e+00
2.514000e+02 1.948855e+00
2.517000e+02 2.121971e+00
2.520000e+02 2.277913e+00
2.523000e+02 2.388624e+00
2.526000e+02 2.457875e+00
2.529000e+02 2.546705e+00
2.532000e+02 2.719719e+00
2.535000e+02 2.981819e+00
2.538000e+02 3.235821e+00
2.541000e+02 3.426982e+00
2.544000e+02 3.528358e+00
2.547000e+02 3.550424e+00
2.550000e+02 3.556417e+00
2.553000e+02 3.527545e+00
2.556000e+02 3.353217e+00
2.559000e+02 3.133154e+00
2.562000e+02 3.121251e+00
2.565000e+02 3.193052e+00
2.568000e+02 3.089026e+00
2.571000e+02 2.883770e+00
2.574000e+02 2.759453e+00
2.577000e+02 2.623731e+00
2.580000e+02 2.436088e+00
2.583000e+02 2.279095e+00
2.586000e+02 2.198786e+00
2.589000e+02 2.163771e+00
2.592000e+02 2.155998e+00
2.595000e+02 2.161053e+00
2.598000e+02 2.135092e+00
2.601000e+02 2.066115e+00
2.604000e+02 1.977511e+00
2.607000e+02 1.947564e+00
2.610000e+02 1.921510e+00
2.613000e+02 1.857595e+00
2.616000e+02 1.805997e+00
2.619000e+02 1.740760e+00
2.622000e+02 1.611043e+00
2.625000e+02 1.411552e+00
2.628000e+02 1.150266e+00
2.631000e+02 8.948387e-01
2.634000e+02 7.440208e-01
2.637000e+02 6.166068e-01
2.640000e+02 5.283139e-01
2.643000e+02 4.303085e-01
2.646000e+02 3.290249e-01
2.649000e+02 2.208224e-01
2.652000e+02 1.131025e-01
2.655000e+02 -9.443438e-03
2.658000e+02 -1.624612e-01
2.661000e+02 -3.271570e-01
2.664000e+02 -4.899407e-01
2.667000e+02 -6.357817e-01
2.670000e+02 -7.816274e-01
2.673000e+02 -9.494583e-01
2.676000e+02 -1.151010e+00
2.679000e+02 -1.381600e+00
2.682000e+02 -1.615886e+00
2.685000e+02 -1.823612e+00
2.688000e+02 -2.002305e+00
2.691000e+02 -2.166785e+00
2.694000e+02 -2.335834e+00
2.697000e+02 -2.512384e+00
2.700000e+02 -2.683183e+00
2.703000e+02 -2.831689e+00
2.706000e+02 -2.954017e+00
2.709000e+02 -3.058254e+00
2.712000e+02 -3.139669e+00
2.715000e+02 -3.188116e+00
2.718000e+02 -3.228877e+00
2.721000e+02 -3.268280e+00
2.724000e+02 -3.344127e+00
2.727000e+02 -3.413918e+00
2.730000e+02 -3.409643e+00
2.733000e+02 -3.336785e+00
2.736000e+02 -3.276125e+00
2.739000e+02 -3.259288e+00
2.742000e+02 -3.223596e+00
2.745000e+02 -3.107368e+00
2.748000e+02 -2.985005e+00
2.751000e+02 -2.884185e+00
2.754000e+02 -2.737953e+00
2.757000e+02 -2.534593e+00
2.760000e+02 -2.340435e+00
2.763000e+02 -2.192083e+00
2.766000e+02 -2.039008e+00
2.769000e+02 -1.854190e+00
2.772000e+02 -1.658322e+00
2.775000e+02 -1.531832e+00
2.778000e+02 -1.447453e+00
2.781000e+02 -1.322547e+00
2.784000e+02 -1.224481e+00
2.787000e+02 -1.162620e+00
2.790000e+02 -1.070557e+00
2.793000e+02 -9.440409e-01
2.796000e+02 -7.964124e-01
2.799000e+02 -6.496298e-01
2.802000e+02 -5.105047e-01
2.805000e+02 -3.674307e-01
2.808000e+02 -2.221892e-01
2.811000e+02 -1.047255e-01
2.814000e+02 -3.217261e-02
2.817000e+02 1.394305e-02
2.820000e+02 4.355417e-02
2.823000e+02 9.008282e-02
2.826000e+02 1.602931e-01
2.829000e+02 2.428057e-01
2.832000e+02 3.417390e-01
2.835000e+02 4.585870e-01
2.838000e+02 5.634211e-01
2.841000e+02 6.494335e-01
2.844000e+02 7.177222e-01
2.847000e+02 7.940810e-01
2.850000e+02 8.899126e-01
2.853000e+02 9.906566e-01
2.856000e+02 1.052278e+00
2.859000e+02 1.080830e+00
2.862000e+02 1.148798e+00
2.865000e+02 1.276609e+00
2.868000e+02 1.436545e+00
2.871000e+02 1.599022e+00
2.874000e+02 1.715954e+00
2.877000e+02 1.792249e+00
2.880000e+02 1.850762e+00
2.883000e+02 1.926646e+00
2.886000e+02 2.013534e+00
2.889000e+02 2.111700e+00
2.892000e+02 2.228051e+00
2.895000e+02 2.352705e+00
2.898000e+02 2.467997e+00
2.901000e+02 2.571461e+00
2.904000e+02 2.601121e+00
2.907000e+02 2.585982e+00
2.910000e+02 2.547408e+00
2.913000e+02 2.540709e+00
2.916000e+02 2.439123e+00
2.919000e+02 2.308763e+00
2.922000e+02 2.290307e+00
2.925000e+02 2.199507e+00
2.928000e+02 2.205381e+00
2.931000e+02 2.154845e+00
2.934000e+02 1.998348e+00
2.937000e+02 1.886276e+00
2.940000e+02 1.662843e+00
2.943000e+02 1.532223e+00
2.946000e+02 1.431029e+00
2.949000e+02 1.293697e+00
2.952000e+02 1.192247e+00
2.955000e+02 9.499913e-01
2.958000e+02 5.867076e-01
2.961000e+02 3.647059e-01
2.964000e+02 5.986467e-02
2.967000e+02 -2.016878e-01
2.970000e+02 -4.911173e-01
2.973000e+02 -7.210156e-01
2.976000e+02 -1.005809e+00
2.979000e+02 -1.217573e+00
2.982000e+02 -1.486295e+00
2.985000e+02 -1.662331e+00
2.988000e+02 -1.809199e+00
2.991000e+02 -1.945356e+00
2.994000e+02 -2.011327e+00
2.997000e+02 -2.065305e+00
3.000000e+02 -2.105433e+00
3.003000e+02 -2.134970e+00
3.006000e+02 -2.166586e+00
3.009000e+02 -2.193511e+00
3.012000e+02 -2.195443e+00
3.015000e+02 -2.167395e+00
3.018000e+02 -2.140317e+00
3.021000e+02 -2.151967e+00
3.024000e+02 -2.291632e+00
3.027000e+02 -2.433305e+00
3.030000e+02 -2.618048e+00
3.033000e+02 -2.762897e+00
3.036000e+02 -2.752743e+00
3.039000e+02 -2.694727e+00
3.042000e+02 -2.639191e+00
3.045000e+02 -2.578375e+00
3.048000e+02 -2.496885e+00
3.051000e+02 -2.379752e+00
3.054000e+02 -2.195958e+00
3.057000e+02 -1.971818e+00
3.060000e+02 -1.739619e+00
3.063000e+02 -1.514207e+00
3.066000e+02 -1.320331e+00
3.069000e+02 -1.160715e+00
3.072000e+02 -1.058604e+00
3.075000e+02 -9.634854e-01
3.078000e+02 -8.517439e-01
3.081000e+02 -7.249407e-01
3.084000e+02 -6.087263e-01
3.087000e+02 -5.285797e-01
3.090000e+02 -4.562307e-01
3.093000e+02 -3.912328e-01
3.096000e+02 -3.609654e-01
3.099000e+02 -2.439583e-01
3.102000e+02 -7.509289e-02
3.105000e+02 1.147955e-01
3.108000e+02 2.600271e-01
3.111000e+02 3.468199e-01
3.114000e+02 3.875808e-01
3.117000e+02 3.867757e-01
3.120000e+02 3.725169e-01
3.123000e+02 3.908611e-01
3.126000e+02 4.684064e-01
3.129000e+02 5.643949e-01
3.132000e+02 6.510171e-01
3.135000e+02 7.393482e-01
3.138000e+02 8.385062e-01
3.141000e+02 9.560593e-01
3.144000e+02 1.079026e+00
3.147000e+02 1.192406e+00
3.150000e+02 1.292205e+00
3.153000e+02 1.380071e+00
3.156000e+02 1.496646e+00
3.159000e+02 1.727172e+00
3.162000e+02 2.030673e+00
3.165000e+02 2.325798e+00
3.168000e+02 2.569368e+00
3.171000e+02 2.760124e+00
3.174000e+02 2.909062e+00
3.177000e+02 2.977814e+00
3.180000e+02 2.967443e+00
3.183000e+02 2.915676e+00
3.186000e+02 2.842608e+00
3.189000e+02 2.745317e+00
3.192000e+02 2.621241e+00
3.195000e+02 2.488489e+00
3.198000e+02 2.385663e+00
3.201000e+02 2.317859e+00
3.204000e+02 2.223857e+00
3.207000e+02 2.074764e+00
3.210000e+02 1.902529e+00
3.213000e+02 1.735363e+00
3.216000e+02 1.583230e+00
3.219000e+02 1.466960e+00
3.222000e+02 1.363942e+00
3.225000e+02 1.262377e+00
3.228000e+02 1.090581e+00
3.231000e+02 8.978458e-01
3.234000e+02 7.471876e-01
3.237000e+02 7.131990e-01
3.240000e+02 7.385062e-01
3.243000e+02 7.425665e-01
3.246000e+02 7.288925e-01
3.249000e+02 6.833647e-01
3.252000e+02 6.069956e-01
3.255000e+02 4.865182e-01
3.258000e+02 3.295226e-01
3.261000e+02 1.880233e-01
3.264000e+02 7.442776e-02
3.267000e+02 3.661883e-02
3.270000e+02 1.623565e-02
3.273000e+02 -5.841045e-03
3.276000e+02 -1.919635e-02
3.279000e+02 -3.361636e-02
3.282000e+02 -5.263307e-02
3.285000e+02 -7.926878e-02
3.288000e+02 -1.152499e-01
3.291000e+02 -1.640938e-01
3.294000e+02 -2.185823e-01
3.297000e+02 -2.698668e-01
3.300000e+02 -3.219385e-01
3.303000e+02 -3.782788e-01
3.306000e+02 -4.531832e-01
3.309000e+02 -5.432090e-01
3.312000e+02 -6.255990e-01
3.315000e+02 -6.962738e-01
3.318000e+02 -7.574795e-01
3.321000e+02 -8.298224e-01
3.324000e+02 -9.089855e-01
3.327000e+02 -9.848092e-01
3.330000e+02 -1.039421e+00
3.333000e+02 -1.081155e+00
3.336000e+02 -1.125505e+00
3.339000e+02 -1.183072e+00
3.342000e+02 -1.209656e+00
3.345000e+02 -1.228921e+00
3.348000e+02 -1.273184e+00
3.351000e+02 -1.342102e+00
3.354000e+02 -1.429125e+00
3.357000e+02 -1.508024e+00
3.360000e+02 -1.572395e+00
3.363000e+02 -1.640824e+00
3.366000e+02 -1.724064e+00
3.369000e+02 -1.823906e+00
3.372000e+02 -1.928337e+00
3.375000e+02 -2.030944e+00
3.378000e+02 -2.118151e+00
3.381000e+02 -2.187908e+00
3.384000e+02 -2.231073e+00
3.387000e+02 -2.242658e+00
3.390000e+02 -2.250718e+00
3.393000e+02 -2.236669e+00
3.396000e+02 -2.256378e+00
3.399000e+02 -2.237711e+00
3.402000e+02 -2.182617e+00
3.405000e+02 -2.186269e+00
3.408000e+02 -2.117871e+00
3.411000e+02 -2.017261e+00
3.414000e+02 -1.893332e+00
3.417000e+02 -1.781737e+00
3.420000e+02 -1.709863e+00
3.423000e+02 -1.533323e+00
3.426000e+02 -1.326550e+00
3.429000e+02 -1.130718e+00
3.432000e+02 -8.389322e-01
3.435000e+02 -6.907954e-01
3.438000e+02 -3.444870e-01
3.441000e+02 -1.556652e-02
3.444000e+02 2.719192e-01
3.447000e+02 6.112627e-01
3.450000e+02 9.083886e-01
3.453000e+02 1.175921e+00
3.456000e+02 1.465219e+00
3.459000e+02 1.730164e+00
3.462000e+02 1.976200e+00
3.465000e+02 2.133488e+00
3.468000e+02 2.144158e+00
3.471000e+02 2.095809e+00
3.474000e+02 2.015131e+00
3.477000e+02 1.944149e+00
3.480000e+02 1.877750e+00
3.483000e+02 1.814582e+00
3.486000e+02 1.823655e+00
3.489000e+02 1.906102e+00
3.492000e+02 1.868650e+00
3.495000e+02 1.783218e+00
3.498000e+02 1.707631e+00
3.501000e+02 1.638022e+00
3.504000e+02 1.556800e+00
3.507000e+02 1.491328e+00
3.510000e+02 1.459486e+00
3.513000e+02 1.382971e+00
3.516000e+02 1.226504e+00
3.519000e+02 1.076051e+00
3.522000e+02 9.523303e-01
3.525000e+02 8.289076e-01
3.528000e+02 6.605841e-01
3.531000e+02 4.904032e-01
3.534000e+02 3.979147e-01
3.537000e+02 3.960512e-01
3.540000e+02 4.514580e-01
3.543000e+02 5.136008e-01
3.546000e+02 5.699730e-01
3.549000e+02 6.537532e-01
3.552000e+02 7.332322e-01
3.555000e+02 7.817382e-01
3.558000e+02 8.059933e-01
3.561000e+02 7.821316e-01
3.564000e+02 6.961256e-01
3.567000e+02 6.038277e-01
3.570000e+02 5.955259e-01
3.573000e+02 6.857486e-01
3.576000e+02 8.412261e-01
3.579000e+02 9.064652e-01
3.582000e+02 9.448315e-01
3.585000e+02 9.786791e-01
3.588000e+02 1.016629e+00
3.591000e+02 1.046148e+00
3.594000e+02 1.046725e+00
3.597000e+02 1.038985e+00
3.600000e+02 1.018668e+00
3.603000e+02 9.938449e-01
3.606000e+02 1.029239e+00
3.609000e+02 1.044014e+00
3.612000e+02 9.275168e-01
3.615000e+02 6.202017e-01
3.618000e+02 2.972325e-01
3.621000e+02 -2.027785e-02
3.624000e+02 -2.961029e-01
3.627000e+02 -5.362540e-01
3.630000e+02 -8.290252e-01
3.633000e+02 -1.098424e+00
3.636000e+02 -1.320875e+00
3.639000e+02 -1.458500e+00
3.642000e+02 -1.532605e+00
3.645000e+02 -1.603951e+00
3.648000e+02 -1.689039e+00
3.651000e+02 -1.799839e+00
3.654000e+02 -1.938841e+00
3.657000e+02 -2.106450e+00
3.660000e+02 -2.309123e+00
3.663000e+02 -2.523999e+00
3.666000e+02 -2.710768e+00
3.669000e+02 -2.833789e+00
3.672000e+02 -2.847190e+00
3.675000e+02 -2.800052e+00
3.678000e+02 -2.730520e+00
3.681000e+02 -2.696856e+00
3.684000e+02 -2.713698e+00
3.687000e+02 -2.598012e+00
3.690000e+02 -2.375103e+00
3.693000e+02 -2.104116e+00
3.696000e+02 -1.888249e+00
3.699000e+02 -1.666279e+00
3.702000e+02 -1.405344e+00
3.705000e+02 -1.160050e+00
3.708000e+02 -8.783476e-01
3.711000e+02 -5.531357e-01
3.714000e+02 -2.641065e-01
3.717000e+02 -8.770650e-02
3.720000e+02 5.124307e-02
3.723000e+02 2.679367e-01
3.726000e+02 7.403841e-01
3.729000e+02 9.600205e-01
3.732000e+02 1.195500e+00
3.735000e+02 1.444794e+00
3.738000e+02 1.671525e+00
3.741000e+02 1.858864e+00
3.744000e+02 2.015954e+00
3.747000e+02 2.107766e+00
3.750000e+02 2.166815e+00
3.753000e+02 2.178271e+00
3.756000e+02 2.133786e+00
3.759000e+02 2.052687e+00
3.762000e+02 1.914540e+00
3.765000e+02 1.743873e+00
3.768000e+02 1.640329e+00
3.771000e+02 1.670733e+00
3.774000e+02 1.701390e+00
3.777000e+02 1.641976e+00
3.780000e+02 1.518757e+00
3.783000e+02 1.374082e+00
3.786000e+02 1.251829e+00
3.789000e+02 1.160712e+00
3.792000e+02 1.057152e+00
3.795000e+02 9.225498e-01
3.798000e+02 7.525362e-01
3.801000e+02 6.719565e-01
3.804000e+02 7.032203e-01
3.807000e+02 8.533744e-01
3.810000e+02 9.876793e-01
3.813000e+02 1.116475e+00
3.816000e+02 1.180041e+00
3.819000e+02 1.230054e+00
3.822000e+02 1.272947e+00
3.825000e+02 1.277175e+00
3.828000e+02 1.189184e+00
3.831000e+02 1.092485e+00
3.834000e+02 9.592572e-01
3.837000e+02 9.559426e-01
3.840000e+02 1.041064e+00
3.843000e+02 1.135139e+00
3.846000e+02 1.107681e+00
3.849000e+02 1.058759e+00
3.852000e+02 1.001208e+00
3.855000e+02 9.249594e-01
3.858000e+02 8.329216e-01
3.861000e+02 7.364259e-01
3.864000e+02 6.397236e-01
3.867000e+02 5.487939e-01
3.870000e+02 4.256793e-01
3.873000e+02 3.278297e-01
3.876000e+02 2.274791e-01
3.879000e+02 9.755218e-03
3.882000e+02 -3.212601e-01
3.885000e+02 -5.754406e-01
3.888000e+02 -7.465312e-01
3.891000e+02 -8.053594e-01
3.894000e+02 -1.017100e+00
3.897000e+02 -1.243943e+00
3.900000e+02 -1.457710e+00
3.903000e+02 -1.610671e+00
3.906000e+02 -1.694612e+00
3.909000e+02 -1.752012e+00
3.912000e+02 -1.857240e+00
3.915000e+02 -2.052198e+00
3.918000e+02 -2.270322e+00
3.921000e+02 -2.447263e+00
3.924000e+02 -2.575001e+00
3.927000e+02 -2.678019e+00
3.930000e+02 -2.758505e+00
3.933000e+02 -2.800912e+00
3.936000e+02 -2.812495e+00
3.939000e+02 -2.799473e+00
3.942000e+02 -2.772728e+00
3.945000e+02 -2.838399e+00
3.948000e+02 -2.847157e+00
3.951000e+02 -2.815997e+00
3.954000e+02 -2.721270e+00
3.957000e+02 -2.598322e+00
3.960000e+02 -2.442379e+00
3.963000e+02 -2.248256e+00
3.966000e+02 -2.053741e+00
3.969000e+02 -1.908586e+00
3.972000e+02 -1.788032e+00
3.975000e+02 -1.650266e+00
3.978000e+02 -1.491670e+00
3.981000e+02 -1.347164e+00
3.984000e+02 -1.262752e+00
3.987000e+02 -1.233442e+00
3.990000e+02 -1.183703e+00
3.993000e+02 -1.088035e+00
3.996000e+02 -9.483950e-01
3.999000e+02 -7.505214e-01
4.002000e+02 -6.327723e-01
4.005000e+02 -5.029677e-01
4.008000e+02 -3.063755e-01
4.011000e+02 -5.893472e-02
4.014000e+02 2.009081e-01
4.017000e+02 4.309821e-01
4.020000e+02 5.880403e-01
4.023000e+02 7.466114e-01
4.026000e+02 8.610429e-01
4.029000e+02 9.574076e-01
4.032000e+02 1.090326e+00
4.035000e+02 1.197375e+00
4.038000e+02 1.261174e+00
4.041000e+02 1.316507e+00
4.044000e+02 1.391889e+00
4.047000e+02 1.476447e+00
4.050000e+02 1.562978e+00
4.053000e+02 1.662792e+00
4.056000e+02 1.781469e+00
4.059000e+02 1.913198e+00
4.062000e+02 2.044690e+00
4.065000e+02 2.163345e+00
4.068000e+02 2.286415e+00
4.071000e+02 2.433935e+00
4.074000e+02 2.591007e+00
4.077000e+02 2.730096e+00
4.080000e+02 2.819033e+00
4.083000e+02 2.864929e+00
4.086000e+02 2.874013e+00
4.089000e+02 2.870345e+00
4.092000e+02 2.869411e+00
4.095000e+02 2.875726e+00
4.098000e+02 2.882682e+00
4.101000e+02 2.887388e+00
4.104000e+02 2.889473e+00
4.107000e+02 2.886413e+00
4.110000e+02 2.871818e+00
4.113000e+02 2.839176e+00
4.116000e+02 2.773701e+00
4.119000e+02 2.662170e+00
4.122000e+02 2.496217e+00
4.125000e+02 2.301709e+00
4.128000e+02 2.129952e+00
4.131000e+02 1.924567e+00
4.134000e+02 1.622847e+00
4.137000e+02 1.413328e+00
4.140000e+02 1.134811e+00
4.143000e+02 8.321421e-01
4.146000e+02 5.810591e-01
4.149000e+02 2.839751e-01
4.152000e+02 -6.269496e-02
4.155000e+02 -4.571793e-01
4.158000e+02 -8.272093e-01
4.161000e+02 -1.163724e+00
4.164000e+02 -1.471776e+00
4.167000e+02 -1.744975e+00
4.170000e+02 -1.949011e+00
4.173000e+02 -2.097659e+00
4.176000e+02 -2.189916e+00
4.179000e+02 -2.230713e+00
4.182000e+02 -2.251959e+00
4.185000e+02 -2.327005e+00
4.188000e+02 -2.341026e+00
4.191000e+02 -2.261471e+00
4.194000e+02 -2.181726e+00
4.197000e+02 -2.089581e+00
4.200000e+02 -1.951367e+00
4.203000e+02 -1.777952e+00
4.206000e+02 -1.796641e+00
4.209000e+02 -1.815992e+00
4.212000e+02 -1.766537e+00
4.215000e+02 -1.641246e+00
4.218000e+02 -1.509760e+00
4.221000e+02 -1.442212e+00
4.224000e+02 -1.431005e+00
4.227000e+02 -1.419677e+00
4.230000e+02 -1.381684e+00
4.233000e+02 -1.359364e+00
4.236000e+02 -1.379014e+00
4.239000e+02 -1.395511e+00
4.242000e+02 -1.454456e+00
4.245000e+02 -1.553650e+00
4.248000e+02 -1.664620e+00
4.251000e+02 -1.724301e+00
4.254000e+02 -1.688690e+00
4.257000e+02 -1.573182e+00
4.260000e+02 -1.437730e+00
4.263000e+02 -1.392397e+00
4.266000e+02 -1.480274e+00
4.269000e+02 -1.601084e+00
4.272000e+02 -1.611791e+00
4.275000e+02 -1.598155e+00
4.278000e+02 -1.558149e+00
4.281000e+02 -1.473369e+00
4.284000e+02 -1.375179e+00
4.287000e+02 -1.284638e+00
4.290000e+02 -1.193087e+00
4.293000e+02 -1.075179e+00
4.296000e+02 -9.227247e-01
4.299000e+02 -7.430718e-01
4.302000e+02 -6.140919e-01
4.305000e+02 -5.677902e-01
4.308000e+02 -5.376467e-01
4.311000e+02 -4.965774e-01
4.314000e+02 -4.260909e-01
4.317000e+02 -2.222376e-01
4.320000e+02 -7.977798e-03
4.323000e+02 1.328242e-01
4.326000e+02 1.884996e-01
4.329000e+02 1.132835e-01
4.332000e+02 2.926189e-01
4.335000e+02 5.740078e-01
4.338000e+02 7.739596e-01
4.341000e+02 9.453292e-01
4.344000e+02 1.154222e+00
4.347000e+02 1.327434e+00
4.350000e+02 1.409336e+00
4.353000e+02 1.517483e+00
4.356000e+02 1.608397e+00
4.359000e+02 1.653020e+00
4.362000e+02 1.678937e+00
4.365000e+02 1.714689e+00
4.368000e+02 1.754572e+00
4.371000e+02 1.757320e+00
4.374000e+02 1.756014e+00
4.377000e+02 1.788235e+00
4.380000e+02 1.831087e+00
4.383000e+02 1.850270e+00
4.386000e+02 1.839204e+00
4.389000e+02 1.823703e+00
4.392000e+02 1.806056e+00
4.395000e+02 1.786040e+00
4.398000e+02 1.764173e+00
4.401000e+02 1.753573e+00
4.404000e+02 1.766349e+00
4.407000e+02 1.785633e+00
4.410000e+02 1.800842e+00
4.413000e+02 1.802146e+00
4.416000e+02 1.744636e+00
4.419000e+02 1.675474e+00
4.422000e+02 1.576015e+00
4.425000e+02 1.429721e+00
4.428000e+02 1.346002e+00
4.431000e+02 1.228593e+00
4.434000e+02 1.016730e+00
4.437000e+02 8.126048e-01
4.440000e+02 6.473581e-01
4.443000e+02 4.691169e-01
4.446000e+02 3.605897e-01
4.449000e+02 2.700837e-01
4.452000e+02 2.103580e-01
4.455000e+02 1.559809e-01
4.458000e+02 8.267056e-02
4.461000e+02 -2.002590e-02
4.464000e+02 -9.277823e-02
4.467000e+02 -2.057758e-01
4.470000e+02 -2.690607e-01
4.473000e+02 -3.172519e-01
4.476000e+02 -3.644113e-01
4.479000e+02 -4.159635e-01
4.482000e+02 -4.833194e-01
4.485000e+02 -5.825842e-01
4.488000e+02 -7.187910e-01
4.491000e+02 -8.559893e-01
4.494000e+02 -9.874114e-01
4.497000e+02 -1.110363e+00
4.500000e+02 -1.229394e+00
4.503000e+02 -1.349332e+00
4.506000e+02 -1.472238e+00
4.509000e+02 -1.591262e+00
4.512000e+02 -1.701561e+00
4.515000e+02 -1.801162e+00
4.518000e+02 -1.884025e+00
4.521000e+02 -1.951780e+00
4.524000e+02 -1.995590e+00
4.527000e+02 -2.021695e+00
4.530000e+02 -2.030772e+00
4.533000e+02 -2.034864e+00
4.536000e+02 -2.033010e+00
4.539000e+02 -2.017189e+00
4.542000e+02 -1.971955e+00
4.545000e+02 -1.895303e+00
4.548000e+02 -1.805164e+00
4.551000e+02 -1.711994e+00
4.554000e+02 -1.614592e+00
4.557000e+02 -1.488757e+00
4.560000e+02 -1.321623e+00
4.563000e+02 -1.114597e+00
4.566000e+02 -9.013675e-01
4.569000e+02 -7.080508e-01
4.572000e+02 -5.437682e-01
4.575000e+02 -4.007170e-01
4.578000e+02 -1.697652e-01
4.581000e+02 1.484252e-01
4.584000e+02 5.573532e-01
4.587000e+02 9.573850e-01
4.590000e+02 1.295098e+00
4.593000e+02 1.557845e+00
4.596000e+02 1.745204e+00
4.599000e+02 1.899600e+00
4.602000e+02 2.024425e+00
4.605000e+02 2.142120e+00
4.608000e+02 2.198407e+00
4.611000e+02 2.091998e+00
4.614000e+02 2.007632e+00
4.617000e+02 1.966843e+00
4.620000e+02 1.925745e+00
4.623000e+02 1.865583e+00
4.626000e+02 1.788896e+00
4.629000e+02 1.803061e+00
4.632000e+02 1.789939e+00
4.635000e+02 1.711498e+00
4.638000e+02 1.616863e+00
4.641000e+02 1.527663e+00
4.644000e+02 1.449551e+00
4.647000e+02 1.367049e+00
4.650000e+02 1.285295e+00
4.653000e+02 1.183995e+00
4.656000e+02 1.045272e+00
4.659000e+02 9.154400e-01
4.662000e+02 8.104389e-01
4.665000e+02 6.959816e-01
4.668000e+02 5.498197e-01
4.671000e+02 4.508718e-01
4.674000e+02 4.224343e-01
4.677000e+02 4.583097e-01
4.680000e+02 5.721930e-01
4.683000e+02 6.389113e-01
4.686000e+02 6.705337e-01
4.689000e+02 7.332596e-01
4.692000e+02 8.198820e-01
4.695000e+02 8.761792e-01
4.698000e+02 8.851015e-01
4.701000e+02 8.449906e-01
4.704000e+02 7.597227e-01
4.707000e+02 7.082588e-01
4.710000e+02 7.421985e-01
4.713000e+02 9.227772e-01
4.716000e+02 9.665781e-01
4.719000e+02 9.693001e-01
4.722000e+02 9.373551e-01
4.725000e+02 9.062123e-01
4.728000e+02 8.876980e-01
4.731000e+02 8.771522e-01
4.734000e+02 8.751053e-01
4.737000e+02 8.649679e-01
4.740000e+02 8.923170e-01
4.743000e+02 9.106917e-01
4.746000e+02 8.831733e-01
4.749000e+02 7.786973e-01
4.752000e+02 5.908585e-01
4.755000e+02 3.990409e-01
4.758000e+02 2.553399e-01
4.761000e+02 1.249876e-01
4.764000e+02 -1.325873e-02
4.767000e+02 -1.252453e-01
4.770000e+02 -1.917671e-01
4.773000e+02 -2.098780e-01
4.776000e+02 -1.770599e-01
4.779000e+02 -1.165081e-01
4.782000e+02 -7.601976e-02
4.785000e+02 -8.442742e-02
4.788000e+02 -1.765298e-01
4.791000e+02 -3.589937e-01
4.794000e+02 -5.755657e-01
4.797000e+02 -6.009752e-01
4.800000e+02 -4.802443e-01
4.803000e+02 -4.344340e-01
4.806000e+02 -3.196115e-01
4.809000e+02 -1.759027e-01
4.812000e+02 2.582731e-04
4.815000e+02 1.972995e-01
4.818000e+02 3.885231e-01
4.821000e+02 5.448279e-01
4.824000e+02 6.557812e-01
4.827000e+02 7.473363e-01
4.830000e+02 8.621830e-01
4.833000e+02 9.950453e-01
4.836000e+02 1.136531e+00
4.839000e+02 1.262830e+00
4.842000e+02 1.374925e+00
4.845000e+02 1.498767e+00
4.848000e+02 1.646423e+00
4.851000e+02 1.774565e+00
4.854000e+02 1.859823e+00
4.857000e+02 1.950264e+00
4.860000e+02 2.046906e+00
4.863000e+02 2.130580e+00
4.866000e+02 2.196639e+00
4.869000e+02 2.230494e+00
4.872000e+02 2.266391e+00
4.875000e+02 2.324183e+00
4.878000e+02 2.353219e+00
4.881000e+02 2.315816e+00
4.884000e+02 2.334076e+00
4.887000e+02 2.299544e+00
4.890000e+02 2.274827e+00
4.893000e+02 2.152666e+00
4.896000e+02 1.992120e+00
4.899000e+02 1.828231e+00
4.902000e+02 1.620051e+00
4.905000e+02 1.415806e+00
4.908000e+02 1.128025e+00
4.911000e+02 8.543197e-01
4.914000e+02 4.860988e-01
4.917000e+02 1.508143e-01
4.920000e+02 -1.573680e-01
4.923000e+02 -5.090980e-01
4.926000e+02 -7.810069e-01
4.929000e+02 -1.021648e+00
4.932000e+02 -1.233237e+00
4.935000e+02 -1.359908e+00
4.938000e+02 -1.503535e+00
4.941000e+02 -1.623158e+00
4.944000e+02 -1.728980e+00
4.947000e+02 -1.786983e+00
4.950000e+02 -1.795743e+00
4.953000e+02 -1.838274e+00
4.956000e+02 -1.901852e+00
4.959000e+02 -1.977701e+00
4.962000e+02 -2.028209e+00
4.965000e+02 -2.054526e+00
4.968000e+02 -2.068820e+00
4.971000e+02 -2.124495e+00
4.974000e+02 -2.190010e+00
4.977000e+02 -2.225805e+00
4.980000e+02 -2.203590e+00
4.983000e+02 -2.062886e+00
4.986000e+02 -1.915087e+00
4.989000e+02 -1.865849e+00
4.992000e+02 -1.783426e+00
4.995000e+02 -1.501201e+00
4.998000e+02 -1.263264e+00
5.001000e+02 -1.049770e+00
5.004000e+02 -9.089692e-01
5.007000e+02 -8.604782e-01
5.010000e+02 -8.494238e-01
5.013000e+02 -8.453134e-01
5.016000e+02 -8.294366e-01
5.019000e+02 -8.346342e-01
5.022000e+02 -8.924105e-01
5.025000e+02 -9.267123e-01
5.028000e+02 -9.401709e-01
5.031000e+02 -8.421269e-01
5.034000e+02 -7.094324e-01
5.037000e+02 -5.453581e-01
5.040000e+02 -5.078216e-01
5.043000e+02 -6.663033e-01
5.046000e+02 -8.162630e-01
5.049000e+02 -9.499794e-01
5.052000e+02 -1.051069e+00
5.055000e+02 -1.102606e+00
5.058000e+02 -1.109124e+00
5.061000e+02 -1.078494e+00
5.064000e+02 -1.009454e+00
5.067000e+02 -9.034519e-01
5.070000e+02 -7.470824e-01
5.073000e+02 -5.302828e-01
5.076000e+02 -3.122725e-01
5.079000e+02 -1.536793e-01
5.082000e+02 -8.460604e-02
5.085000e+02 -4.963976e-02
5.088000e+02 -6.540829e-02
5.091000e+02 -1.435932e-01
5.094000e+02 -7.988817e-02
5.097000e+02 1.149643e-01
5.100000e+02 3.009242e-01
5.103000e+02 4.974369e-01
5.106000e+02 7.106909e-01
5.109000e+02 8.875061e-01
5.112000e+02 1.062354e+00
5.115000e+02 1.240890e+00
5.118000e+02 1.421616e+00
5.121000e+02 1.589066e+00
5.124000e+02 1.766241e+00
5.127000e+02 1.975550e+00
5.130000e+02 2.216314e+00
5.133000e+02 2.431468e+00
5.136000e+02 2.553910e+00
5.139000e+02 2.581292e+00
5.142000e+02 2.585488e+00
5.145000e+02 2.598410e+00
5.148000e+02 2.625514e+00
5.151000e+02 2.682793e+00
5.154000e+02 2.728236e+00
5.157000e+02 2.731912e+00
5.160000e+02 2.715302e+00
5.163000e+02 2.696278e+00
5.166000e+02 2.687563e+00
5.169000e+02 2.691960e+00
5.172000e+02 2.705211e+00
5.175000e+02 2.703260e+00
5.178000e+02 2.669755e+00
5.181000e+02 2.612478e+00
5.184000e+02 2.567658e+00
5.187000e+02 2.534791e+00
5.190000e+02 2.494497e+00
5.193000e+02 2.412763e+00
5.196000e+02 2.265903e+00
5.199000e+02 2.066299e+00
5.202000e+02 1.873347e+00
5.205000e+02 1.660346e+00
5.208000e+02 1.354646e+00
5.211000e+02 9.653294e-01
5.214000e+02 5.868128e-01
5.217000e+02 3.823074e-01
5.220000e+02 2.089873e-01
5.223000e+02 -6.025844e-02
5.226000e+02 -3.823944e-01
5.229000e+02 -8.060090e-01
5.232000e+02 -1.075657e+00
5.235000e+02 -1.216850e+00
5.238000e+02 -1.418091e+00
5.241000e+02 -1.561333e+00
5.244000e+02 -1.749032e+00
5.247000e+02 -1.955132e+00
5.250000e+02 -2.132089e+00
