0.000000e+00 0.000000e+00
3.000000e-01 -1.396104e-04
6.000000e-01 -2.199062e-04
9.000000e-01 -8.664518e-05
1.200000e+00 -6.306041e-05
1.500000e+00 -8.826546e-05
1.800000e+00 -2.702750e-04
2.100000e+00 9.326519e-04
2.400000e+00 1.118967e-04
2.700000e+00 4.886591e-05
3.000000e+00 -1.941445e-04
3.300000e+00 2.585291e-04
3.600000e+00 -1.239334e-04
3.900000e+00 1.833389e-04
4.200000e+00 -1.877467e-05
4.500000e+00 -3.232282e-04
4.800000e+00 -1.486692e-04
5.100000e+00 7.173373e-04
5.400000e+00 -1.885394e-04
5.700000e+00 -3.166270e-04
6.000000e+00 -2.991276e-04
6.300000e+00 2.310196e-04
6.600000e+00 -1.658697e-04
6.900000e+00 -3.486509e-04
7.200000e+00 -3.059802e-04
7.500000e+00 4.145273e-04
7.800000e+00 -2.746109e-04
8.100000e+00 5.111520e-03
8.400000e+00 -1.083954e-03
8.700000e+00 -2.126490e-03
9.000000e+00 -1.089168e-04
9.300000e+00 2.441025e-03
9.600000e+00 -4.417787e-04
9.900000e+00 -9.457757e-04
1.020000e+01 1.228015e-04
1.050000e+01 1.972143e-03
1.080000e+01 1.218384e-04
1.110000e+01 -1.167328e-03
1.140000e+01 -1.138690e-03
1.170000e+01 -1.435714e-04
1.200000e+01 1.551275e-03
1.230000e+01 -2.421094e-04
1.260000e+01 -7.179047e-04
1.290000e+01 -8.388269e-04
1.320000e+01 5.695618e-04
1.350000e+01 -2.140270e-03
1.380000e+01 2.049768e-03
1.410000e+01 9.571698e-03
1.440000e+01 -5.228630e-03
1.470000e+01 1.163301e-03
1.500000e+01 -2.351245e-03
1.530000e+01 -1.496950e-03
1.560000e+01 -5.110329e-05
1.590000e+01 -8.549163e-06
1.620000e+01 -9.527629e-04
1.650000e+01 -5.271494e-03
1.680000e+01 1.121454e-03
1.710000e+01 1.275538e-02
1.740000e+01 2.287876e-02
1.770000e+01 2.596981e-02
1.800000e+01 2.203032e-02
1.830000e+01 1.207186e-02
1.860000e+01 6.741255e-03
1.890000e+01 -5.183222e-03
1.920000e+01 -3.501624e-03
1.950000e+01 -7.653623e-04
1.980000e+01 1.157710e-02
2.010000e+01 1.575929e-02
2.040000e+01 1.328510e-02
2.070000e+01 -6.611391e-03
2.100000e+01 -1.352215e-02
2.130000e+01 -6.426337e-03
2.160000e+01 4.114563e-03
2.190000e+01 6.752548e-03
2.220000e+01 -2.109707e-02
2.250000e+01 -4.031038e-02
2.280000e+01 -4.901338e-02
2.310000e+01 -3.959482e-02
2.340000e+01 -1.563281e-02
2.370000e+01 3.465878e-02
2.400000e+01 1.062909e-01
2.430000e+01 1.723558e-01
2.460000e+01 1.929536e-01
2.490000e+01 1.709253e-01
2.520000e+01 1.379812e-01
2.550000e+01 9.925560e-02
2.580000e+01 7.434206e-02
2.610000e+01 5.411092e-02
2.640000e+01 6.333002e-02
2.670000e+01 9.146748e-02
2.700000e+01 9.376930e-02
2.730000e+01 1.118220e-01
2.760000e+01 1.936609e-01
2.790000e+01 2.552913e-01
2.820000e+01 2.701147e-01
2.850000e+01 2.146440e-01
2.880000e+01 1.085894e-01
2.910000e+01 5.448570e-02
2.940000e+01 4.117165e-02
2.970000e+01 3.143478e-02
3.000000e+01 3.110335e-02
3.030000e+01 3.243660e-02
3.060000e+01 2.697158e-02
3.090000e+01 4.443638e-02
3.120000e+01 8.630609e-02
3.150000e+01 9.610155e-02
3.180000e+01 6.549917e-02
3.210000e+01 -2.391291e-02
3.240000e+01 -1.126011e-01
3.270000e+01 -1.703235e-01
3.300000e+01 -2.030194e-01
3.330000e+01 -2.620187e-01
3.360000e+01 -3.460540e-01
3.390000e+01 -4.311573e-01
3.420000e+01 -5.378452e-01
3.450000e+01 -6.655284e-01
3.480000e+01 -7.643673e-01
3.510000e+01 -6.833939e-01
3.540000e+01 -4.488938e-01
3.570000e+01 -1.892145e-01
3.600000e+01 -3.648023e-02
3.630000e+01 -1.272960e-02
3.660000e+01 -2.753788e-02
3.690000e+01 -7.968801e-03
3.720000e+01 1.911561e-03
3.750000e+01 1.996766e-03
3.780000e+01 -4.920014e-03
3.810000e+01 -8.861144e-03
3.840000e+01 -3.224676e-03
3.870000e+01 5.784298e-02
3.900000e+01 2.102193e-01
3.930000e+01 4.029367e-01
3.960000e+01 5.814923e-01
3.990000e+01 7.543620e-01
4.020000e+01 8.500981e-01
4.050000e+01 8.489609e-01
4.080000e+01 7.931404e-01
4.110000e+01 6.668806e-01
4.140000e+01 5.511649e-01
4.170000e+01 5.305256e-01
4.200000e+01 5.828018e-01
4.230000e+01 6.213014e-01
4.260000e+01 5.950815e-01
4.290000e+01 5.530127e-01
4.320000e+01 5.686472e-01
4.350000e+01 5.755907e-01
4.380000e+01 5.496049e-01
4.410000e+01 5.278123e-01
4.440000e+01 5.127424e-01
4.470000e+01 5.185702e-01
4.500000e+01 5.276052e-01
4.530000e+01 5.585570e-01
4.560000e+01 6.092000e-01
4.590000e+01 6.208194e-01
4.620000e+01 5.860650e-01
4.650000e+01 4.675359e-01
4.680000e+01 3.768928e-01
4.710000e+01 3.871757e-01
4.740000e+01 4.571484e-01
4.770000e+01 4.747266e-01
4.800000e+01 4.438275e-01
4.830000e+01 4.059286e-01
4.860000e+01 3.741984e-01
4.890000e+01 3.315973e-01
4.920000e+01 3.237160e-01
4.950000e+01 3.069083e-01
4.980000e+01 2.531543e-01
5.010000e+01 1.893031e-01
5.040000e+01 1.229395e-01
5.070000e+01 8.217792e-02
5.100000e+01 5.752065e-02
5.130000e+01 7.965988e-02
5.160000e+01 1.529307e-01
5.190000e+01 1.971634e-01
5.220000e+01 1.061130e-01
5.250000e+01 -2.027678e-02
5.280000e+01 -4.914501e-02
5.310000e+01 -2.063762e-02
5.340000e+01 1.582143e-02
5.370000e+01 1.864558e-02
5.400000e+01 7.187548e-03
5.430000e+01 3.925718e-02
5.460000e+01 1.184615e-01
5.490000e+01 1.773739e-01
5.520000e+01 2.215497e-01
5.550000e+01 2.297942e-01
5.580000e+01 2.405414e-01
5.610000e+01 2.442065e-01
5.640000e+01 2.551162e-01
5.670000e+01 3.217342e-01
5.700000e+01 4.779837e-01
5.730000e+01 7.455638e-01
5.760000e+01 1.025177e+00
5.790000e+01 1.165863e+00
5.820000e+01 1.121642e+00
5.850000e+01 1.024725e+00
5.880000e+01 9.324876e-01
5.910000e+01 8.906198e-01
5.940000e+01 8.986990e-01
5.970000e+01 9.411403e-01
6.000000e+01 9.835624e-01
6.030000e+01 1.028806e+00
6.060000e+01 1.138578e+00
6.090000e+01 1.220510e+00
6.120000e+01 1.216018e+00
6.150000e+01 1.176290e+00
6.180000e+01 1.058744e+00
6.210000e+01 8.914460e-01
6.240000e+01 6.907007e-01
6.270000e+01 4.963822e-01
6.300000e+01 3.039563e-01
6.330000e+01 1.821342e-01
6.360000e+01 1.232082e-01
6.390000e+01 1.472638e-01
6.420000e+01 9.575095e-02
6.450000e+01 5.578654e-02
6.480000e+01 5.297380e-02
6.510000e+01 -1.833279e-02
6.540000e+01 -1.422634e-01
6.570000e+01 -2.618966e-01
6.600000e+01 -3.355766e-01
6.630000e+01 -3.852198e-01
6.660000e+01 -3.917361e-01
6.690000e+01 -4.014635e-01
6.720000e+01 -4.101007e-01
6.750000e+01 -4.223280e-01
6.780000e+01 -4.178936e-01
6.810000e+01 -4.240106e-01
6.840000e+01 -4.010307e-01
6.870000e+01 -3.359905e-01
6.900000e+01 -2.380743e-01
6.930000e+01 -1.056021e-01
6.960000e+01 -9.010953e-02
6.990000e+01 -2.288721e-01
7.020000e+01 -3.763460e-01
7.050000e+01 -4.225405e-01
7.080000e+01 -3.359613e-01
7.110000e+01 -2.216363e-01
7.140000e+01 -1.552404e-01
7.170000e+01 -8.049583e-02
7.200000e+01 -2.587180e-03
7.230000e+01 7.383570e-02
7.260000e+01 1.143216e-01
7.290000e+01 1.958057e-01
7.320000e+01 2.166270e-01
7.350000e+01 1.982146e-01
7.380000e+01 2.117282e-01
7.410000e+01 2.373192e-01
7.440000e+01 3.410684e-01
7.470000e+01 4.841655e-01
7.500000e+01 6.356065e-01
7.530000e+01 7.957252e-01
7.560000e+01 9.012079e-01
7.590000e+01 9.534497e-01
7.620000e+01 9.612423e-01
7.650000e+01 8.811230e-01
7.680000e+01 7.414655e-01
7.710000e+01 6.129895e-01
7.740000e+01 5.125693e-01
7.770000e+01 4.522215e-01
7.800000e+01 4.208151e-01
7.830000e+01 3.918129e-01
7.860000e+01 4.462067e-01
7.890000e+01 4.393300e-01
7.920000e+01 3.888577e-01
7.950000e+01 3.099212e-01
7.980000e+01 2.229430e-01
8.010000e+01 1.377495e-01
8.040000e+01 3.619198e-02
8.070000e+01 -1.132639e-01
8.100000e+01 -2.814133e-01
8.130000e+01 -4.380693e-01
8.160000e+01 -5.606782e-01
8.190000e+01 -6.045436e-01
8.220000e+01 -6.803817e-01
8.250000e+01 -7.350271e-01
8.280000e+01 -7.222129e-01
8.310000e+01 -6.776693e-01
8.340000e+01 -6.098216e-01
8.370000e+01 -5.533162e-01
8.400000e+01 -5.002832e-01
8.430000e+01 -4.367417e-01
8.460000e+01 -3.825731e-01
8.490000e+01 -3.233884e-01
8.520000e+01 -2.452956e-01
8.550000e+01 -1.655363e-01
8.580000e+01 -9.386219e-02
8.610000e+01 -3.594669e-02
8.640000e+01 3.677616e-02
8.670000e+01 1.715228e-01
8.700000e+01 3.385212e-01
8.730000e+01 4.782571e-01
8.760000e+01 5.137960e-01
8.790000e+01 5.330014e-01
8.820000e+01 5.817818e-01
8.850000e+01 6.455009e-01
8.880000e+01 7.163237e-01
8.910000e+01 8.052984e-01
8.940000e+01 8.393689e-01
8.970000e+01 8.080384e-01
9.000000e+01 7.903086e-01
9.030000e+01 7.987990e-01
9.060000e+01 7.265408e-01
9.090000e+01 5.925798e-01
9.120000e+01 4.369786e-01
9.150000e+01 3.010309e-01
9.180000e+01 2.393435e-01
9.210000e+01 2.098705e-01
9.240000e+01 2.029521e-01
9.270000e+01 1.616552e-01
9.300000e+01 9.340056e-02
9.330000e+01 2.584491e-02
9.360000e+01 -4.934526e-02
9.390000e+01 -9.427004e-02
9.420000e+01 -1.192643e-01
9.450000e+01 -1.788188e-01
9.480000e+01 -2.538585e-01
9.510000e+01 -2.537905e-01
9.540000e+01 -1.889407e-01
9.570000e+01 -1.082973e-01
9.600000e+01 -5.265963e-02
9.630000e+01 9.354286e-02
9.660000e+01 2.510264e-01
9.690000e+01 3.294157e-01
9.720000e+01 3.494416e-01
9.750000e+01 3.008536e-01
9.780000e+01 2.383097e-01
9.810000e+01 3.008218e-01
9.840000e+01 4.759367e-01
9.870000e+01 6.055552e-01
9.900000e+01 5.424539e-01
9.930000e+01 4.133158e-01
9.960000e+01 3.508511e-01
9.990000e+01 4.412461e-01
1.002000e+02 6.140561e-01
1.005000e+02 7.563787e-01
1.008000e+02 8.241679e-01
1.011000e+02 8.575947e-01
1.014000e+02 8.239632e-01
1.017000e+02 7.927032e-01
1.020000e+02 8.034590e-01
1.023000e+02 7.815463e-01
1.026000e+02 7.219011e-01
1.029000e+02 6.172030e-01
1.032000e+02 4.927320e-01
1.035000e+02 3.765835e-01
1.038000e+02 2.882546e-01
1.041000e+02 2.510931e-01
1.044000e+02 2.713120e-01
1.047000e+02 3.481093e-01
1.050000e+02 4.710644e-01
1.053000e+02 5.919637e-01
1.056000e+02 6.325545e-01
1.059000e+02 5.683984e-01
1.062000e+02 5.370674e-01
1.065000e+02 5.440726e-01
1.068000e+02 5.419945e-01
1.071000e+02 5.463905e-01
1.074000e+02 5.455916e-01
1.077000e+02 5.327380e-01
1.080000e+02 5.050102e-01
1.083000e+02 4.411485e-01
1.086000e+02 3.396261e-01
1.089000e+02 2.181154e-01
1.092000e+02 5.475991e-02
1.095000e+02 -7.035838e-02
1.098000e+02 -1.400109e-01
1.101000e+02 -1.882400e-01
1.104000e+02 -1.965851e-01
1.107000e+02 -9.580442e-02
1.110000e+02 1.044883e-01
1.113000e+02 2.975718e-01
1.116000e+02 3.327509e-01
1.119000e+02 2.049764e-01
1.122000e+02 5.161192e-02
1.125000e+02 -6.569609e-02
1.128000e+02 -1.207885e-01
1.131000e+02 -1.491252e-01
1.134000e+02 -1.630830e-01
1.137000e+02 -1.523043e-01
1.140000e+02 -9.692969e-02
1.143000e+02 -3.024612e-02
1.146000e+02 1.830054e-02
1.149000e+02 -5.453832e-04
1.152000e+02 -2.335164e-02
1.155000e+02 -3.731729e-02
1.158000e+02 -1.759624e-02
1.161000e+02 8.147137e-02
1.164000e+02 2.352691e-01
1.167000e+02 4.101444e-01
1.170000e+02 5.562288e-01
1.173000e+02 5.850971e-01
1.176000e+02 4.900054e-01
1.179000e+02 3.257454e-01
1.182000e+02 1.900110e-01
1.185000e+02 1.015362e-01
1.188000e+02 6.104922e-02
1.191000e+02 4.106594e-02
1.194000e+02 6.326185e-02
1.197000e+02 6.456321e-02
1.200000e+02 9.207294e-02
1.203000e+02 9.773204e-02
1.206000e+02 7.291953e-02
1.209000e+02 7.920893e-02
1.212000e+02 7.192364e-02
1.215000e+02 3.162753e-02
1.218000e+02 1.445509e-02
1.221000e+02 2.978539e-02
1.224000e+02 4.354458e-02
1.227000e+02 4.580497e-02
1.230000e+02 1.079865e-02
1.233000e+02 -1.478904e-01
1.236000e+02 -3.238479e-01
1.239000e+02 -3.632173e-01
1.242000e+02 -3.126969e-01
1.245000e+02 -2.640953e-01
1.248000e+02 -2.931400e-01
1.251000e+02 -3.205638e-01
1.254000e+02 -3.225250e-01
1.257000e+02 -3.413031e-01
1.260000e+02 -3.421872e-01
1.263000e+02 -3.728612e-01
1.266000e+02 -3.465119e-01
1.269000e+02 -3.170009e-01
1.272000e+02 -3.153804e-01
1.275000e+02 -3.242018e-01
1.278000e+02 -3.046960e-01
1.281000e+02 -2.492215e-01
1.284000e+02 -1.603847e-01
1.287000e+02 -8.910545e-02
1.290000e+02 -1.092272e-01
1.293000e+02 -1.192709e-01
1.296000e+02 -1.173489e-01
1.299000e+02 -8.889623e-02
1.302000e+02 -4.121938e-02
1.305000e+02 -1.223455e-03
1.308000e+02 1.947667e-02
1.311000e+02 1.830563e-02
1.314000e+02 1.825798e-02
1.317000e+02 1.594308e-02
1.320000e+02 2.196168e-02
1.323000e+02 3.431344e-02
1.326000e+02 8.371932e-02
1.329000e+02 1.192470e-01
1.332000e+02 1.555333e-01
1.335000e+02 1.424058e-01
1.338000e+02 1.577421e-01
1.341000e+02 1.867087e-01
1.344000e+02 2.092346e-01
1.347000e+02 1.989973e-01
1.350000e+02 1.837427e-01
1.353000e+02 1.405049e-01
1.356000e+02 1.460660e-01
1.359000e+02 2.030193e-01
1.362000e+02 3.055235e-01
1.365000e+02 3.985979e-01
1.368000e+02 4.576537e-01
1.371000e+02 4.524219e-01
1.374000e+02 4.161209e-01
1.377000e+02 3.671429e-01
1.380000e+02 3.034744e-01
1.383000e+02 2.905022e-01
1.386000e+02 2.482954e-01
1.389000e+02 1.562720e-01
1.392000e+02 7.741893e-02
1.395000e+02 2.838035e-02
1.398000e+02 7.680595e-03
1.401000e+02 2.167429e-02
1.404000e+02 4.914622e-02
1.407000e+02 7.817227e-02
1.410000e+02 5.407366e-02
1.413000e+02 -5.143293e-02
1.416000e+02 -1.334608e-01
1.419000e+02 -1.974405e-01
1.422000e+02 -2.538089e-01
1.425000e+02 -3.206030e-01
1.428000e+02 -4.078849e-01
1.431000e+02 -5.063728e-01
1.434000e+02 -5.865475e-01
1.437000e+02 -6.410637e-01
1.440000e+02 -5.874425e-01
1.443000e+02 -5.159443e-01
1.446000e+02 -4.616559e-01
1.449000e+02 -4.121614e-01
1.452000e+02 -4.175724e-01
1.455000e+02 -4.027287e-01
1.458000e+02 -3.937522e-01
1.461000e+02 -3.937064e-01
1.464000e+02 -4.297804e-01
1.467000e+02 -5.117094e-01
1.470000e+02 -5.793608e-01
1.473000e+02 -5.759259e-01
1.476000e+02 -4.370816e-01
1.479000e+02 -2.181355e-01
1.482000e+02 -1.017161e-01
1.485000e+02 -1.247813e-01
1.488000e+02 -1.456464e-01
1.491000e+02 -1.413062e-01
1.494000e+02 -1.415186e-01
1.497000e+02 -1.723730e-01
1.500000e+02 -1.890433e-01
1.503000e+02 -1.835696e-01
1.506000e+02 -1.846535e-01
1.509000e+02 -1.992080e-01
1.512000e+02 -2.260737e-01
1.515000e+02 -2.553712e-01
1.518000e+02 -2.776934e-01
1.521000e+02 -2.844075e-01
1.524000e+02 -2.847225e-01
1.527000e+02 -3.050184e-01
1.530000e+02 -3.745130e-01
1.533000e+02 -4.675180e-01
1.536000e+02 -5.782834e-01
1.539000e+02 -6.790033e-01
1.542000e+02 -7.482085e-01
1.545000e+02 -7.860968e-01
1.548000e+02 -7.965198e-01
1.551000e+02 -7.748288e-01
1.554000e+02 -7.453682e-01
1.557000e+02 -7.066204e-01
1.560000e+02 -6.190860e-01
1.563000e+02 -4.811506e-01
1.566000e+02 -3.246291e-01
1.569000e+02 -1.712430e-01
1.572000e+02 -8.691702e-02
1.575000e+02 -7.694328e-02
1.578000e+02 -1.046008e-01
1.581000e+02 -1.114095e-01
1.584000e+02 -6.993517e-02
1.587000e+02 1.901893e-02
1.590000e+02 1.556069e-01
1.593000e+02 2.201133e-01
1.596000e+02 2.502541e-01
1.599000e+02 2.780034e-01
1.602000e+02 3.363039e-01
1.605000e+02 3.888016e-01
1.608000e+02 4.177655e-01
1.611000e+02 4.354383e-01
1.614000e+02 4.691935e-01
1.617000e+02 4.808416e-01
1.620000e+02 4.277978e-01
1.623000e+02 3.358465e-01
1.626000e+02 2.850536e-01
1.629000e+02 2.478389e-01
1.632000e+02 1.902645e-01
1.635000e+02 1.220200e-01
1.638000e+02 8.046424e-02
1.641000e+02 1.318662e-01
1.644000e+02 2.732494e-01
1.647000e+02 4.305205e-01
1.650000e+02 5.159805e-01
1.653000e+02 5.507279e-01
1.656000e+02 5.360367e-01
1.659000e+02 4.876521e-01
1.662000e+02 4.256372e-01
1.665000e+02 3.624199e-01
1.668000e+02 3.148088e-01
1.671000e+02 2.827748e-01
1.674000e+02 2.901594e-01
1.677000e+02 2.945316e-01
1.680000e+02 2.267904e-01
1.683000e+02 1.263788e-01
1.686000e+02 4.144180e-02
1.689000e+02 -1.096551e-02
1.692000e+02 -3.976935e-02
1.695000e+02 -4.719566e-02
1.698000e+02 -4.497986e-02
1.701000e+02 -8.918483e-02
1.704000e+02 -1.680280e-01
1.707000e+02 -2.459594e-01
1.710000e+02 -3.187676e-01
1.713000e+02 -4.048490e-01
1.716000e+02 -4.690967e-01
1.719000e+02 -4.532166e-01
1.722000e+02 -4.405131e-01
1.725000e+02 -4.474183e-01
1.728000e+02 -4.341401e-01
1.731000e+02 -3.933886e-01
1.734000e+02 -3.551831e-01
1.737000e+02 -3.094988e-01
1.740000e+02 -2.770205e-01
1.743000e+02 -2.516803e-01
1.746000e+02 -1.960125e-01
1.749000e+02 -1.453227e-01
1.752000e+02 -1.298365e-01
1.755000e+02 -1.366499e-01
1.758000e+02 -1.259383e-01
1.761000e+02 -7.775657e-02
1.764000e+02 1.775272e-02
1.767000e+02 1.765793e-01
1.770000e+02 4.344063e-01
1.773000e+02 6.735216e-01
1.776000e+02 7.671366e-01
1.779000e+02 7.477909e-01
1.782000e+02 7.734819e-01
1.785000e+02 8.863262e-01
1.788000e+02 1.046160e+00
1.791000e+02 1.221255e+00
1.794000e+02 1.340362e+00
1.797000e+02 1.399640e+00
1.800000e+02 1.417847e+00
1.803000e+02 1.401732e+00
1.806000e+02 1.321090e+00
1.809000e+02 1.169711e+00
1.812000e+02 9.704960e-01
1.815000e+02 7.170737e-01
1.818000e+02 4.439490e-01
1.821000e+02 1.726857e-01
1.824000e+02 -4.406255e-02
1.827000e+02 -1.168945e-01
1.830000e+02 -2.081696e-02
1.833000e+02 9.452370e-02
1.836000e+02 1.132978e-01
1.839000e+02 9.896124e-02
1.842000e+02 4.804736e-02
1.845000e+02 -2.891142e-02
1.848000e+02 -9.678555e-02
1.851000e+02 -1.242637e-01
1.854000e+02 -1.042831e-01
1.857000e+02 -8.657664e-02
1.860000e+02 -1.102169e-01
1.863000e+02 -1.080949e-01
1.866000e+02 -2.610215e-02
1.869000e+02 -1.400414e-04
1.872000e+02 -1.258977e-03
1.875000e+02 2.580464e-02
1.878000e+02 1.344893e-01
1.881000e+02 3.465039e-01
1.884000e+02 6.271155e-01
1.887000e+02 8.336114e-01
1.890000e+02 8.876817e-01
1.893000e+02 9.236367e-01
1.896000e+02 1.051730e+00
1.899000e+02 1.173652e+00
1.902000e+02 1.272863e+00
1.905000e+02 1.278348e+00
1.908000e+02 1.187652e+00
1.911000e+02 1.036083e+00
1.914000e+02 9.657509e-01
1.917000e+02 9.284556e-01
1.920000e+02 8.631862e-01
1.923000e+02 8.440657e-01
1.926000e+02 7.965023e-01
1.929000e+02 7.456314e-01
1.932000e+02 6.768614e-01
1.935000e+02 5.521462e-01
1.938000e+02 3.918711e-01
1.941000e+02 2.442922e-01
1.944000e+02 1.344081e-01
1.947000e+02 8.546401e-02
1.950000e+02 1.705729e-01
1.953000e+02 2.629061e-01
1.956000e+02 3.095890e-01
1.959000e+02 2.772827e-01
1.962000e+02 1.864463e-01
1.965000e+02 6.665883e-02
1.968000e+02 -6.310826e-02
1.971000e+02 -2.121960e-01
1.974000e+02 -2.764697e-01
1.977000e+02 -2.789413e-01
1.980000e+02 -2.919269e-01
1.983000e+02 -2.892154e-01
1.986000e+02 -2.868824e-01
1.989000e+02 -3.106277e-01
1.992000e+02 -3.470074e-01
1.995000e+02 -3.510340e-01
1.998000e+02 -2.779834e-01
2.001000e+02 -1.420669e-01
2.004000e+02 -2.676430e-02
2.007000e+02 -6.128412e-02
2.010000e+02 -2.528648e-01
2.013000e+02 -4.082721e-01
2.016000e+02 -4.430091e-01
2.019000e+02 -3.185852e-01
2.022000e+02 -1.448117e-01
2.025000e+02 -4.501168e-02
2.028000e+02 2.197944e-02
2.031000e+02 8.709597e-02
2.034000e+02 1.245532e-01
2.037000e+02 1.652315e-01
2.040000e+02 1.716627e-01
2.043000e+02 1.825768e-01
2.046000e+02 2.208737e-01
2.049000e+02 2.718542e-01
2.052000e+02 3.442862e-01
2.055000e+02 4.549039e-01
2.058000e+02 5.784310e-01
2.061000e+02 7.125655e-01
2.064000e+02 8.030593e-01
2.067000e+02 7.624261e-01
2.070000e+02 6.477580e-01
2.073000e+02 5.912023e-01
2.076000e+02 6.002620e-01
2.079000e+02 6.282607e-01
2.082000e+02 6.380954e-01
2.085000e+02 6.307315e-01
2.088000e+02 5.932704e-01
2.091000e+02 5.374333e-01
2.094000e+02 4.803460e-01
2.097000e+02 4.028819e-01
2.100000e+02 3.273065e-01
2.103000e+02 3.131404e-01
2.106000e+02 2.879480e-01
2.109000e+02 2.317930e-01
2.112000e+02 1.211726e-01
2.115000e+02 -8.432565e-02
2.118000e+02 -3.568407e-01
2.121000e+02 -5.986657e-01
2.124000e+02 -7.210291e-01
2.127000e+02 -7.424586e-01
2.130000e+02 -6.596693e-01
2.133000e+02 -5.696517e-01
2.136000e+02 -4.547373e-01
2.139000e+02 -3.716520e-01
2.142000e+02 -3.248753e-01
2.145000e+02 -3.219018e-01
2.148000e+02 -3.356131e-01
2.151000e+02 -3.338129e-01
2.154000e+02 -3.372466e-01
2.157000e+02 -2.740045e-01
2.160000e+02 -1.991485e-01
2.163000e+02 -1.821690e-01
2.166000e+02 -1.870180e-01
2.169000e+02 -1.510984e-01
2.172000e+02 -7.304305e-02
2.175000e+02 8.816548e-02
2.178000e+02 2.751762e-01
2.181000e+02 4.565083e-01
2.184000e+02 6.514592e-01
2.187000e+02 7.427670e-01
2.190000e+02 8.236235e-01
2.193000e+02 8.178480e-01
2.196000e+02 7.585956e-01
2.199000e+02 6.293473e-01
2.202000e+02 5.071475e-01
2.205000e+02 4.286345e-01
2.208000e+02 3.894379e-01
2.211000e+02 3.709549e-01
2.214000e+02 3.499805e-01
2.217000e+02 3.218479e-01
2.220000e+02 2.567026e-01
2.223000e+02 1.989547e-01
2.226000e+02 1.510921e-01
2.229000e+02 6.371422e-02
2.232000e+02 -5.351640e-02
2.235000e+02 -2.106176e-01
2.238000e+02 -3.701495e-01
2.241000e+02 -4.369719e-01
2.244000e+02 -4.873142e-01
2.247000e+02 -5.838521e-01
2.250000e+02 -6.800845e-01
2.253000e+02 -6.586515e-01
2.256000e+02 -5.983758e-01
2.259000e+02 -5.720771e-01
2.262000e+02 -5.542122e-01
2.265000e+02 -5.300264e-01
2.268000e+02 -4.752122e-01
2.271000e+02 -3.981383e-01
2.274000e+02 -3.285337e-01
2.277000e+02 -2.717740e-01
2.280000e+02 -2.223928e-01
2.283000e+02 -1.700045e-01
2.286000e+02 -9.625122e-02
2.289000e+02 4.644513e-03
2.292000e+02 1.405046e-01
2.295000e+02 3.019249e-01
2.298000e+02 4.596464e-01
2.301000e+02 5.608370e-01
2.304000e+02 6.577842e-01
2.307000e+02 7.698401e-01
2.310000e+02 8.774916e-01
2.313000e+02 9.427670e-01
2.316000e+02 9.419535e-01
2.319000e+02 9.123398e-01
2.322000e+02 8.297933e-01
2.325000e+02 6.885900e-01
2.328000e+02 5.273096e-01
2.331000e+02 3.846401e-01
2.334000e+02 2.620815e-01
2.337000e+02 2.029744e-01
2.340000e+02 1.822191e-01
2.343000e+02 1.567401e-01
2.346000e+02 7.736968e-02
2.349000e+02 -5.133814e-02
2.352000e+02 -2.156415e-01
2.355000e+02 -3.309786e-01
2.358000e+02 -3.726243e-01
2.361000e+02 -3.873677e-01
2.364000e+02 -4.443353e-01
2.367000e+02 -6.301293e-01
2.370000e+02 -7.703811e-01
2.373000e+02 -7.185240e-01
2.376000e+02 -5.947043e-01
2.379000e+02 -4.726142e-01
2.382000e+02 -3.709009e-01
2.385000e+02 -2.767554e-01
2.388000e+02 -1.615487e-01
2.391000e+02 -7.674418e-02
2.394000e+02 -8.303491e-02
2.397000e+02 -1.027802e-01
2.400000e+02 -7.650192e-02
2.403000e+02 2.000875e-02
2.406000e+02 1.931594e-01
2.409000e+02 3.323764e-01
2.412000e+02 3.837812e-01
2.415000e+02 3.863764e-01
2.418000e+02 4.274890e-01
2.421000e+02 6.442599e-01
2.424000e+02 9.216334e-01
2.427000e+02 1.021410e+00
2.430000e+02 9.806855e-01
2.433000e+02 9.062166e-01
2.436000e+02 8.428715e-01
2.439000e+02 7.887576e-01
2.442000e+02 7.135962e-01
2.445000e+02 5.959320e-01
2.448000e+02 4.652310e-01
2.451000e+02 3.019312e-01
2.454000e+02 1.316448e-01
2.457000e+02 -7.189105e-03
2.460000e+02 -1.118638e-01
2.463000e+02 -1.932742e-01
2.466000e+02 -2.951566e-01
2.469000e+02 -4.420954e-01
2.472000e+02 -5.925987e-01
2.475000e+02 -7.467150e-01
2.478000e+02 -8.783916e-01
2.481000e+02 -1.012272e+00
2.484000e+02 -1.127978e+00
2.487000e+02 -1.166182e+00
2.490000e+02 -1.108296e+00
2.493000e+02 -1.028183e+00
2.496000e+02 -9.493816e-01
2.499000e+02 -8.649187e-01
2.502000e+02 -7.872010e-01
2.505000e+02 -7.050517e-01
2.508000e+02 -5.412844e-01
2.511000e+02 -3.995785e-01
2.514000e+02 -3.117574e-01
2.517000e+02 -2.579030e-01
2.520000e+02 -2.087289e-01
2.523000e+02 -1.028171e-01
2.526000e+02 6.667104e-02
2.529000e+02 3.233266e-01
2.532000e+02 5.776803e-01
2.535000e+02 7.519283e-01
2.538000e+02 9.058532e-01
2.541000e+02 1.098203e+00
2.544000e+02 1.208336e+00
2.547000e+02 1.176254e+00
2.550000e+02 1.103273e+00
2.553000e+02 1.009958e+00
2.556000e+02 9.582874e-01
2.559000e+02 9.550857e-01
2.562000e+02 9.396174e-01
2.565000e+02 8.544989e-01
2.568000e+02 6.686947e-01
2.571000e+02 5.506092e-01
2.574000e+02 4.745951e-01
2.577000e+02 4.325734e-01
2.580000e+02 3.816944e-01
2.583000e+02 3.176212e-01
2.586000e+02 1.892213e-01
2.589000e+02 2.660022e-02
2.592000e+02 -8.172793e-02
2.595000e+02 -1.070931e-01
2.598000e+02 -2.356823e-01
2.601000e+02 -4.947359e-01
2.604000e+02 -6.695370e-01
2.607000e+02 -7.009607e-01
2.610000e+02 -5.679571e-01
2.613000e+02 -4.566351e-01
2.616000e+02 -4.261860e-01
2.619000e+02 -4.061349e-01
2.622000e+02 -3.610684e-01
2.625000e+02 -2.723519e-01
2.628000e+02 -1.399939e-01
2.631000e+02 -7.751892e-02
2.634000e+02 1.387877e-02
2.637000e+02 2.536538e-01
2.640000e+02 5.941168e-01
2.643000e+02 8.017816e-01
2.646000e+02 9.355260e-01
2.649000e+02 1.158627e+00
2.652000e+02 1.376956e+00
2.655000e+02 1.510688e+00
2.658000e+02 1.565749e+00
2.661000e+02 1.423762e+00
2.664000e+02 1.262852e+00
2.667000e+02 1.204459e+00
2.670000e+02 1.094579e+00
2.673000e+02 1.001828e+00
2.676000e+02 9.186613e-01
2.679000e+02 8.199913e-01
2.682000e+02 6.912436e-01
2.685000e+02 5.558085e-01
2.688000e+02 4.262492e-01
2.691000e+02 3.885864e-01
2.694000e+02 3.778907e-01
2.697000e+02 3.069884e-01
2.700000e+02 1.814298e-01
2.703000e+02 3.965760e-02
2.706000e+02 -1.504279e-01
2.709000e+02 -3.855347e-01
2.712000e+02 -6.412899e-01
2.715000e+02 -8.921238e-01
2.718000e+02 -1.019300e+00
2.721000e+02 -9.827281e-01
2.724000e+02 -9.246093e-01
2.727000e+02 -9.473388e-01
2.730000e+02 -9.428875e-01
2.733000e+02 -8.882226e-01
2.736000e+02 -8.204325e-01
2.739000e+02 -7.757857e-01
2.742000e+02 -7.795688e-01
2.745000e+02 -7.058945e-01
2.748000e+02 -5.421243e-01
2.751000e+02 -3.529624e-01
2.754000e+02 -1.897776e-01
2.757000e+02 -3.905394e-02
2.760000e+02 2.088782e-02
2.763000e+02 1.058848e-01
2.766000e+02 2.859638e-01
2.769000e+02 5.539815e-01
2.772000e+02 8.201289e-01
2.775000e+02 1.025122e+00
2.778000e+02 1.149698e+00
2.781000e+02 1.212491e+00
2.784000e+02 1.232211e+00
2.787000e+02 1.266298e+00
2.790000e+02 1.305119e+00
2.793000e+02 1.330598e+00
2.796000e+02 1.314820e+00
2.799000e+02 1.209573e+00
2.802000e+02 1.035135e+00
2.805000e+02 8.723757e-01
2.808000e+02 7.312444e-01
2.811000e+02 6.074262e-01
2.814000e+02 4.526498e-01
2.817000e+02 3.220271e-01
2.820000e+02 2.106952e-01
2.823000e+02 9.856599e-02
2.826000e+02 1.316867e-02
2.829000e+02 1.629691e-02
2.832000e+02 7.546020e-02
2.835000e+02 1.104128e-01
2.838000e+02 3.156377e-02
2.841000e+02 -1.048207e-01
2.844000e+02 -1.955639e-01
2.847000e+02 -2.325601e-01
2.850000e+02 -2.695014e-01
2.853000e+02 -3.241773e-01
2.856000e+02 -2.941287e-01
2.859000e+02 -1.894368e-01
2.862000e+02 -9.011606e-02
2.865000e+02 -1.656459e-02
2.868000e+02 1.064957e-01
2.871000e+02 2.539427e-01
2.874000e+02 4.508124e-01
2.877000e+02 7.531654e-01
2.880000e+02 9.795419e-01
2.883000e+02 1.035747e+00
2.886000e+02 1.062189e+00
2.889000e+02 1.080083e+00
2.892000e+02 1.059905e+00
2.895000e+02 9.982577e-01
2.898000e+02 1.049555e+00
2.901000e+02 1.204086e+00
2.904000e+02 1.245864e+00
2.907000e+02 1.143231e+00
2.910000e+02 9.753910e-01
2.913000e+02 8.249456e-01
2.916000e+02 7.332387e-01
2.919000e+02 6.587828e-01
2.922000e+02 5.854900e-01
2.925000e+02 5.126613e-01
2.928000e+02 5.066457e-01
2.931000e+02 4.957806e-01
2.934000e+02 4.420231e-01
2.937000e+02 3.709315e-01
2.940000e+02 2.798378e-01
2.943000e+02 1.375295e-01
2.946000e+02 -9.740770e-02
2.949000e+02 -4.094459e-01
2.952000e+02 -7.241001e-01
2.955000e+02 -9.081896e-01
2.958000e+02 -9.629041e-01
2.961000e+02 -9.640682e-01
2.964000e+02 -1.015453e+00
2.967000e+02 -9.734540e-01
2.970000e+02 -8.580649e-01
2.973000e+02 -7.073586e-01
2.976000e+02 -5.494947e-01
2.979000e+02 -4.542266e-01
2.982000e+02 -4.356983e-01
2.985000e+02 -3.637761e-01
2.988000e+02 -2.617551e-01
2.991000e+02 -8.316717e-02
2.994000e+02 8.147598e-02
2.997000e+02 1.594022e-01
3.000000e+02 2.038777e-01
3.003000e+02 2.810384e-01
3.006000e+02 4.241621e-01
3.009000e+02 6.298082e-01
3.012000e+02 8.792183e-01
3.015000e+02 1.149769e+00
3.018000e+02 1.402424e+00
3.021000e+02 1.453978e+00
3.024000e+02 1.343707e+00
3.027000e+02 1.140680e+00
3.030000e+02 1.056795e+00
3.033000e+02 1.114547e+00
3.036000e+02 1.101569e+00
3.039000e+02 1.038144e+00
3.042000e+02 9.715071e-01
3.045000e+02 9.136120e-01
3.048000e+02 8.322974e-01
3.051000e+02 6.821309e-01
3.054000e+02 5.052750e-01
3.057000e+02 3.826807e-01
3.060000e+02 3.176603e-01
3.063000e+02 2.923859e-01
3.066000e+02 2.510905e-01
3.069000e+02 1.705831e-01
3.072000e+02 7.457135e-02
3.075000e+02 9.814123e-03
3.078000e+02 -1.121737e-01
3.081000e+02 -1.970744e-01
3.084000e+02 -2.973950e-01
3.087000e+02 -3.197288e-01
3.090000e+02 -2.404153e-01
3.093000e+02 -7.659140e-02
3.096000e+02 1.780130e-01
3.099000e+02 4.739862e-01
3.102000e+02 7.920104e-01
3.105000e+02 8.941694e-01
3.108000e+02 8.941392e-01
3.111000e+02 9.836188e-01
3.114000e+02 1.067866e+00
3.117000e+02 1.121251e+00
3.120000e+02 1.113284e+00
3.123000e+02 1.068106e+00
3.126000e+02 1.029202e+00
3.129000e+02 1.053192e+00
3.132000e+02 1.242979e+00
3.135000e+02 1.525039e+00
3.138000e+02 1.678696e+00
3.141000e+02 1.734959e+00
3.144000e+02 1.729995e+00
3.147000e+02 1.710547e+00
3.150000e+02 1.685460e+00
3.153000e+02 1.675692e+00
3.156000e+02 1.618837e+00
3.159000e+02 1.566698e+00
3.162000e+02 1.531707e+00
3.165000e+02 1.485347e+00
3.168000e+02 1.376333e+00
3.171000e+02 1.221176e+00
3.174000e+02 1.106689e+00
3.177000e+02 1.024914e+00
3.180000e+02 9.189779e-01
3.183000e+02 7.793134e-01
3.186000e+02 6.259972e-01
3.189000e+02 5.057477e-01
3.192000e+02 4.340197e-01
3.195000e+02 4.318030e-01
3.198000e+02 4.572371e-01
3.201000e+02 5.609760e-01
3.204000e+02 5.795015e-01
3.207000e+02 5.123496e-01
3.210000e+02 4.712085e-01
3.213000e+02 5.160065e-01
3.216000e+02 6.031892e-01
3.219000e+02 7.007580e-01
3.222000e+02 7.339466e-01
3.225000e+02 7.619396e-01
3.228000e+02 7.479633e-01
3.231000e+02 6.773733e-01
3.234000e+02 6.128730e-01
3.237000e+02 5.974468e-01
3.240000e+02 6.331707e-01
3.243000e+02 6.816910e-01
3.246000e+02 7.150610e-01
3.249000e+02 6.977498e-01
3.252000e+02 6.111503e-01
3.255000e+02 3.844425e-01
3.258000e+02 1.332013e-01
3.261000e+02 3.566039e-02
3.264000e+02 5.900907e-02
3.267000e+02 1.165716e-01
3.270000e+02 1.739029e-01
3.273000e+02 2.060879e-01
3.276000e+02 1.726682e-01
3.279000e+02 1.334734e-01
3.282000e+02 8.123404e-02
3.285000e+02 4.429850e-02
3.288000e+02 -7.931236e-03
3.291000e+02 -7.614676e-02
3.294000e+02 -1.682410e-01
3.297000e+02 -2.629757e-01
3.300000e+02 -2.639397e-01
3.303000e+02 -1.947361e-01
3.306000e+02 -7.954467e-02
3.309000e+02 5.497028e-02
3.312000e+02 1.824915e-01
3.315000e+02 1.600836e-01
3.318000e+02 -1.698099e-02
3.321000e+02 -1.122522e-01
3.324000e+02 -8.846492e-02
3.327000e+02 -6.769682e-02
3.330000e+02 -1.421511e-01
3.333000e+02 -1.885397e-01
3.336000e+02 -2.529127e-01
3.339000e+02 -3.390004e-01
3.342000e+02 -3.208888e-01
3.345000e+02 -2.695290e-01
3.348000e+02 -2.530700e-01
3.351000e+02 -2.546894e-01
3.354000e+02 -2.256777e-01
3.357000e+02 -1.545737e-01
3.360000e+02 -8.346988e-02
3.363000e+02 -2.153473e-02
3.366000e+02 3.848352e-02
3.369000e+02 8.819618e-02
3.372000e+02 1.315011e-01
3.375000e+02 1.709491e-01
3.378000e+02 1.971261e-01
3.381000e+02 1.241979e-01
3.384000e+02 1.779128e-02
3.387000e+02 -5.107439e-02
3.390000e+02 -7.132155e-02
3.393000e+02 -7.379517e-02
3.396000e+02 -5.873447e-02
3.399000e+02 -5.225965e-02
3.402000e+02 -1.097515e-01
3.405000e+02 -1.746311e-01
3.408000e+02 -2.634733e-01
3.411000e+02 -3.482390e-01
3.414000e+02 -3.492082e-01
3.417000e+02 -3.027830e-01
3.420000e+02 -2.403344e-01
3.423000e+02 -2.115467e-01
3.426000e+02 -2.433056e-01
3.429000e+02 -3.343453e-01
3.432000e+02 -4.328595e-01
3.435000e+02 -5.858844e-01
3.438000e+02 -6.390485e-01
3.441000e+02 -6.963302e-01
3.444000e+02 -7.754366e-01
3.447000e+02 -8.831156e-01
3.450000e+02 -1.010522e+00
3.453000e+02 -1.135044e+00
3.456000e+02 -1.207624e+00
3.459000e+02 -1.205788e+00
3.462000e+02 -1.118262e+00
3.465000e+02 -9.982123e-01
3.468000e+02 -8.486360e-01
3.471000e+02 -6.215096e-01
3.474000e+02 -3.781954e-01
3.477000e+02 -2.093659e-01
3.480000e+02 -1.187361e-01
3.483000e+02 8.712593e-03
3.486000e+02 1.240608e-01
3.489000e+02 1.541330e-01
3.492000e+02 1.082532e-01
3.495000e+02 6.392161e-02
3.498000e+02 -1.223359e-02
3.501000e+02 -4.428289e-02
3.504000e+02 -6.484117e-02
3.507000e+02 -1.078071e-01
3.510000e+02 -1.506186e-01
3.513000e+02 -1.679141e-01
3.516000e+02 -1.461764e-01
3.519000e+02 -1.036488e-01
3.522000e+02 -5.873452e-02
3.525000e+02 -7.144431e-02
3.528000e+02 -1.496172e-01
3.531000e+02 -1.994975e-01
3.534000e+02 -1.964261e-01
3.537000e+02 -1.734962e-01
3.540000e+02 -1.471874e-01
3.543000e+02 -1.840802e-01
3.546000e+02 -3.243863e-01
3.549000e+02 -5.417314e-01
3.552000e+02 -7.637071e-01
3.555000e+02 -9.097032e-01
3.558000e+02 -9.349596e-01
3.561000e+02 -8.447892e-01
3.564000e+02 -8.052638e-01
3.567000e+02 -9.114426e-01
3.570000e+02 -1.011081e+00
3.573000e+02 -1.008932e+00
3.576000e+02 -9.623119e-01
3.579000e+02 -9.224176e-01
3.582000e+02 -8.588730e-01
3.585000e+02 -8.253527e-01
3.588000e+02 -8.625902e-01
3.591000e+02 -8.869731e-01
3.594000e+02 -8.126356e-01
3.597000e+02 -7.102136e-01
3.600000e+02 -6.106465e-01
3.603000e+02 -5.692224e-01
3.606000e+02 -5.816723e-01
3.609000e+02 -6.148611e-01
3.612000e+02 -5.888078e-01
3.615000e+02 -5.215695e-01
3.618000e+02 -3.029178e-01
3.621000e+02 -7.691983e-02
3.624000e+02 -5.571542e-02
3.627000e+02 -1.577365e-01
3.630000e+02 -1.955406e-01
3.633000e+02 -1.663095e-01
3.636000e+02 -1.090416e-01
3.639000e+02 -5.481809e-02
3.642000e+02 -2.690157e-02
3.645000e+02 -2.928200e-02
3.648000e+02 -1.229050e-02
3.651000e+02 3.477145e-02
3.654000e+02 3.438182e-02
3.657000e+02 -2.773197e-02
3.660000e+02 -1.095100e-01
3.663000e+02 -1.657163e-01
3.666000e+02 -2.207234e-01
3.669000e+02 -3.046659e-01
3.672000e+02 -3.961760e-01
3.675000e+02 -4.123297e-01
3.678000e+02 -3.723498e-01
3.681000e+02 -3.332304e-01
3.684000e+02 -2.838344e-01
3.687000e+02 -1.843085e-01
3.690000e+02 -6.861004e-02
3.693000e+02 -9.867483e-04
3.696000e+02 1.807134e-03
3.699000e+02 -6.976773e-02
3.702000e+02 -1.663428e-01
3.705000e+02 -2.031842e-01
3.708000e+02 -1.918808e-01
3.711000e+02 -1.363206e-01
3.714000e+02 -8.280751e-02
3.717000e+02 -3.618949e-02
3.720000e+02 1.285701e-02
3.723000e+02 1.039750e-01
3.726000e+02 2.406949e-01
3.729000e+02 3.809520e-01
3.732000e+02 5.805429e-01
3.735000e+02 7.097123e-01
3.738000e+02 8.500369e-01
3.741000e+02 1.031200e+00
3.744000e+02 1.216999e+00
3.747000e+02 1.314578e+00
3.750000e+02 1.328701e+00
3.753000e+02 1.261887e+00
3.756000e+02 1.167733e+00
3.759000e+02 1.021822e+00
3.762000e+02 8.469386e-01
3.765000e+02 7.994023e-01
3.768000e+02 7.402665e-01
3.771000e+02 6.209691e-01
3.774000e+02 5.765177e-01
3.777000e+02 5.635209e-01
3.780000e+02 6.182022e-01
3.783000e+02 6.780331e-01
3.786000e+02 6.430927e-01
3.789000e+02 5.327788e-01
3.792000e+02 3.630288e-01
3.795000e+02 1.544310e-01
3.798000e+02 -2.367053e-02
3.801000e+02 -5.765680e-02
3.804000e+02 -7.074176e-02
3.807000e+02 -8.407774e-02
3.810000e+02 -1.316069e-01
3.813000e+02 -2.149111e-01
3.816000e+02 -3.635994e-01
3.819000e+02 -4.775367e-01
3.822000e+02 -4.972860e-01
3.825000e+02 -4.754776e-01
3.828000e+02 -5.148029e-01
3.831000e+02 -5.664702e-01
3.834000e+02 -5.405010e-01
3.837000e+02 -3.795120e-01
3.840000e+02 -1.548688e-01
3.843000e+02 -1.474757e-02
3.846000e+02 -6.506069e-02
3.849000e+02 -1.715453e-01
3.852000e+02 -2.810071e-01
3.855000e+02 -3.732435e-01
3.858000e+02 -4.151937e-01
3.861000e+02 -4.075589e-01
3.864000e+02 -3.886936e-01
3.867000e+02 -3.747793e-01
3.870000e+02 -3.797834e-01
3.873000e+02 -3.695511e-01
3.876000e+02 -2.681009e-01
3.879000e+02 -1.147956e-01
3.882000e+02 8.801509e-02
3.885000e+02 2.580945e-01
3.888000e+02 3.433053e-01
3.891000e+02 3.681651e-01
3.894000e+02 4.342843e-01
3.897000e+02 5.949632e-01
3.900000e+02 8.034845e-01
3.903000e+02 9.454050e-01
3.906000e+02 9.640703e-01
3.909000e+02 9.131969e-01
3.912000e+02 8.469236e-01
3.915000e+02 8.225702e-01
3.918000e+02 8.125380e-01
3.921000e+02 7.891854e-01
3.924000e+02 7.497696e-01
3.927000e+02 7.120695e-01
3.930000e+02 6.666119e-01
3.933000e+02 6.008690e-01
3.936000e+02 5.133136e-01
3.939000e+02 4.146290e-01
3.942000e+02 4.046839e-01
3.945000e+02 3.962753e-01
3.948000e+02 3.592104e-01
3.951000e+02 2.944052e-01
3.954000e+02 2.143870e-01
3.957000e+02 1.520878e-01
3.960000e+02 1.069287e-01
3.963000e+02 3.625453e-02
3.966000e+02 -1.020741e-01
3.969000e+02 -3.983971e-01
3.972000e+02 -6.666970e-01
3.975000e+02 -7.520388e-01
3.978000e+02 -7.344864e-01
3.981000e+02 -7.199976e-01
3.984000e+02 -8.004781e-01
3.987000e+02 -8.986084e-01
3.990000e+02 -9.260355e-01
3.993000e+02 -8.586130e-01
3.996000e+02 -7.327661e-01
3.999000e+02 -6.025676e-01
4.002000e+02 -4.813947e-01
4.005000e+02 -4.121790e-01
4.008000e+02 -3.387626e-01
4.011000e+02 -2.549751e-01
4.014000e+02 -1.617766e-01
4.017000e+02 -4.674804e-02
4.020000e+02 1.104927e-01
4.023000e+02 2.573622e-01
4.026000e+02 3.676254e-01
4.029000e+02 4.246502e-01
4.032000e+02 4.617174e-01
4.035000e+02 4.940967e-01
4.038000e+02 5.045917e-01
4.041000e+02 5.100290e-01
4.044000e+02 5.157494e-01
4.047000e+02 5.218028e-01
4.050000e+02 4.867422e-01
4.053000e+02 4.398330e-01
4.056000e+02 4.042036e-01
4.059000e+02 4.285978e-01
4.062000e+02 4.068667e-01
4.065000e+02 2.891450e-01
4.068000e+02 1.824006e-01
4.071000e+02 1.127609e-01
4.074000e+02 3.883760e-02
4.077000e+02 -1.796953e-02
4.080000e+02 -1.106750e-01
4.083000e+02 -2.216348e-01
4.086000e+02 -3.141035e-01
4.089000e+02 -4.882374e-01
4.092000e+02 -5.374300e-01
4.095000e+02 -5.614135e-01
4.098000e+02 -5.905405e-01
4.101000e+02 -6.626074e-01
4.104000e+02 -7.499180e-01
4.107000e+02 -8.410505e-01
4.110000e+02 -9.117809e-01
4.113000e+02 -8.853646e-01
4.116000e+02 -7.621716e-01
4.119000e+02 -5.701615e-01
4.122000e+02 -3.560802e-01
4.125000e+02 -1.189065e-01
4.128000e+02 3.271093e-02
4.131000e+02 9.986105e-02
4.134000e+02 1.902941e-01
4.137000e+02 4.029515e-01
4.140000e+02 6.334103e-01
4.143000e+02 8.223907e-01
4.146000e+02 9.643185e-01
4.149000e+02 1.019510e+00
4.152000e+02 9.733363e-01
4.155000e+02 9.184168e-01
4.158000e+02 8.178711e-01
4.161000e+02 6.762976e-01
4.164000e+02 5.580258e-01
4.167000e+02 4.755632e-01
4.170000e+02 3.983807e-01
4.173000e+02 3.317422e-01
4.176000e+02 2.905498e-01
4.179000e+02 3.185889e-01
4.182000e+02 2.794066e-01
4.185000e+02 2.159226e-01
4.188000e+02 1.181502e-01
4.191000e+02 -7.144684e-03
4.194000e+02 -1.524146e-01
4.197000e+02 -3.532381e-01
4.200000e+02 -5.664040e-01
4.203000e+02 -7.491805e-01
4.206000e+02 -8.288571e-01
4.209000e+02 -9.094333e-01
4.212000e+02 -9.982538e-01
4.215000e+02 -9.829520e-01
4.218000e+02 -8.719009e-01
4.221000e+02 -8.475370e-01
4.224000e+02 -8.730564e-01
4.227000e+02 -9.292310e-01
4.230000e+02 -9.544295e-01
4.233000e+02 -8.890719e-01
4.236000e+02 -8.136706e-01
4.239000e+02 -7.285816e-01
4.242000e+02 -6.003835e-01
4.245000e+02 -4.835962e-01
4.248000e+02 -3.477326e-01
4.251000e+02 -1.434986e-01
4.254000e+02 1.028705e-01
4.257000e+02 3.830314e-01
4.260000e+02 7.012677e-01
4.263000e+02 1.045711e+00
4.266000e+02 1.271881e+00
4.269000e+02 1.212048e+00
4.272000e+02 1.004467e+00
4.275000e+02 8.665416e-01
4.278000e+02 8.039531e-01
4.281000e+02 7.349220e-01
4.284000e+02 6.172905e-01
4.287000e+02 4.964963e-01
4.290000e+02 3.671476e-01
4.293000e+02 2.403259e-01
4.296000e+02 1.509691e-01
4.299000e+02 1.206762e-01
4.302000e+02 4.202852e-02
4.305000e+02 -4.659048e-02
4.308000e+02 -1.432570e-01
4.311000e+02 -2.636728e-01
4.314000e+02 -4.091942e-01
4.317000e+02 -5.844293e-01
4.320000e+02 -7.488994e-01
4.323000e+02 -8.657301e-01
4.326000e+02 -1.054177e+00
4.329000e+02 -1.239900e+00
4.332000e+02 -1.277895e+00
4.335000e+02 -1.193943e+00
4.338000e+02 -1.062677e+00
4.341000e+02 -9.463828e-01
4.344000e+02 -9.165888e-01
4.347000e+02 -8.831688e-01
4.350000e+02 -7.495300e-01
4.353000e+02 -5.183337e-01
4.356000e+02 -3.141292e-01
4.359000e+02 -1.653523e-01
4.362000e+02 -8.246247e-02
4.365000e+02 -4.975064e-02
4.368000e+02 -3.121607e-02
4.371000e+02 9.499209e-03
4.374000e+02 1.243904e-01
4.377000e+02 3.095071e-01
4.380000e+02 5.270274e-01
4.383000e+02 6.731395e-01
4.386000e+02 7.031030e-01
4.389000e+02 7.141362e-01
4.392000e+02 7.485598e-01
4.395000e+02 8.140712e-01
4.398000e+02 8.549319e-01
4.401000e+02 8.177764e-01
4.404000e+02 6.989590e-01
4.407000e+02 5.151476e-01
4.410000e+02 3.611628e-01
4.413000e+02 2.147322e-01
4.416000e+02 6.765585e-02
4.419000e+02 -8.693438e-03
4.422000e+02 -6.028667e-02
4.425000e+02 -1.114863e-01
4.428000e+02 -2.091072e-01
4.431000e+02 -3.229014e-01
4.434000e+02 -3.830906e-01
4.437000e+02 -3.417925e-01
4.440000e+02 -2.516003e-01
4.443000e+02 -2.658807e-01
4.446000e+02 -3.129740e-01
4.449000e+02 -3.421866e-01
4.452000e+02 -3.913768e-01
4.455000e+02 -4.556908e-01
4.458000e+02 -5.239126e-01
4.461000e+02 -5.155861e-01
4.464000e+02 -4.719967e-01
4.467000e+02 -4.712682e-01
4.470000e+02 -4.586591e-01
4.473000e+02 -3.673556e-01
4.476000e+02 -3.260156e-01
4.479000e+02 -3.362083e-01
4.482000e+02 -3.411466e-01
4.485000e+02 -3.327629e-01
4.488000e+02 -2.986977e-01
4.491000e+02 -2.184262e-01
4.494000e+02 -7.040034e-02
4.497000e+02 1.066503e-01
4.500000e+02 2.394255e-01
4.503000e+02 3.676922e-01
4.506000e+02 6.259805e-01
4.509000e+02 8.032690e-01
4.512000e+02 7.358747e-01
4.515000e+02 6.010865e-01
4.518000e+02 5.297595e-01
4.521000e+02 5.231071e-01
4.524000e+02 5.495792e-01
4.527000e+02 5.586059e-01
4.530000e+02 5.429203e-01
4.533000e+02 5.246391e-01
4.536000e+02 5.856695e-01
4.539000e+02 6.281221e-01
4.542000e+02 5.988707e-01
4.545000e+02 5.079719e-01
4.548000e+02 3.452653e-01
4.551000e+02 8.573202e-02
4.554000e+02 -2.033157e-01
4.557000e+02 -4.282394e-01
4.560000e+02 -6.174677e-01
4.563000e+02 -7.150062e-01
4.566000e+02 -6.592321e-01
4.569000e+02 -5.039001e-01
4.572000e+02 -3.931451e-01
4.575000e+02 -3.846817e-01
4.578000e+02 -3.968781e-01
4.581000e+02 -3.852999e-01
4.584000e+02 -3.314017e-01
4.587000e+02 -2.777912e-01
4.590000e+02 -2.330091e-01
4.593000e+02 -2.154308e-01
4.596000e+02 -2.595572e-01
4.599000e+02 -2.584655e-01
4.602000e+02 -1.921368e-01
4.605000e+02 -6.609871e-02
4.608000e+02 1.185091e-01
4.611000e+02 3.541519e-01
4.614000e+02 6.057232e-01
4.617000e+02 8.402627e-01
4.620000e+02 9.942080e-01
4.623000e+02 9.554535e-01
4.626000e+02 8.277509e-01
4.629000e+02 8.347579e-01
4.632000e+02 8.148690e-01
4.635000e+02 7.409226e-01
4.638000e+02 6.916150e-01
4.641000e+02 6.798238e-01
4.644000e+02 7.086138e-01
4.647000e+02 7.324730e-01
4.650000e+02 6.727673e-01
4.653000e+02 5.064562e-01
4.656000e+02 2.364748e-01
4.659000e+02 -3.244275e-03
4.662000e+02 -8.975902e-02
4.665000e+02 -1.305532e-01
4.668000e+02 -2.714327e-01
4.671000e+02 -4.836947e-01
4.674000e+02 -6.349005e-01
4.677000e+02 -8.228891e-01
4.680000e+02 -1.076562e+00
4.683000e+02 -1.242127e+00
4.686000e+02 -1.250774e+00
4.689000e+02 -1.145360e+00
4.692000e+02 -1.044663e+00
4.695000e+02 -1.028906e+00
4.698000e+02 -1.034909e+00
4.701000e+02 -9.870400e-01
4.704000e+02 -8.899126e-01
4.707000e+02 -7.769991e-01
4.710000e+02 -6.643978e-01
4.713000e+02 -5.330774e-01
4.716000e+02 -4.529422e-01
4.719000e+02 -3.867960e-01
4.722000e+02 -2.720682e-01
4.725000e+02 -1.074087e-01
4.728000e+02 4.226966e-02
4.731000e+02 1.454663e-01
4.734000e+02 1.846350e-01
4.737000e+02 1.384946e-01
4.740000e+02 1.000224e-01
4.743000e+02 2.099558e-01
4.746000e+02 4.602960e-01
4.749000e+02 6.567977e-01
4.752000e+02 6.355302e-01
4.755000e+02 4.968713e-01
4.758000e+02 4.334135e-01
4.761000e+02 4.631842e-01
4.764000e+02 4.579773e-01
4.767000e+02 4.589618e-01
4.770000e+02 4.302210e-01
4.773000e+02 3.624754e-01
4.776000e+02 2.734309e-01
4.779000e+02 1.008561e-01
4.782000e+02 -1.910526e-01
4.785000e+02 -4.244810e-01
4.788000e+02 -5.457029e-01
4.791000e+02 -6.785393e-01
4.794000e+02 -8.728118e-01
4.797000e+02 -1.055026e+00
4.800000e+02 -1.160765e+00
4.803000e+02 -1.217680e+00
4.806000e+02 -1.188946e+00
4.809000e+02 -1.076011e+00
4.812000e+02 -9.384397e-01
4.815000e+02 -9.372968e-01
4.818000e+02 -9.823098e-01
4.821000e+02 -9.693618e-01
4.824000e+02 -8.921582e-01
4.827000e+02 -7.884520e-01
4.830000e+02 -6.912123e-01
4.833000e+02 -6.340821e-01
4.836000e+02 -5.966119e-01
4.839000e+02 -4.918395e-01
4.842000e+02 -3.643977e-01
4.845000e+02 -2.376887e-01
4.848000e+02 -9.418761e-02
4.851000e+02 9.071227e-02
4.854000e+02 3.501199e-01
4.857000e+02 6.220314e-01
4.860000e+02 7.988191e-01
4.863000e+02 8.409778e-01
4.866000e+02 8.703688e-01
4.869000e+02 9.770610e-01
4.872000e+02 9.774860e-01
4.875000e+02 8.652483e-01
4.878000e+02 7.176499e-01
4.881000e+02 5.579351e-01
4.884000e+02 4.615760e-01
4.887000e+02 3.441468e-01
4.890000e+02 1.686793e-01
4.893000e+02 2.290610e-03
4.896000e+02 -1.585290e-01
4.899000e+02 -2.488462e-01
4.902000e+02 -2.816635e-01
4.905000e+02 -3.331581e-01
4.908000e+02 -4.981667e-01
4.911000e+02 -6.844892e-01
4.914000e+02 -8.434894e-01
4.917000e+02 -9.863560e-01
4.920000e+02 -1.061494e+00
4.923000e+02 -1.096346e+00
4.926000e+02 -1.069358e+00
4.929000e+02 -1.117780e+00
4.932000e+02 -1.157238e+00
4.935000e+02 -1.091148e+00
4.938000e+02 -9.620754e-01
4.941000e+02 -7.986495e-01
4.944000e+02 -6.422536e-01
4.947000e+02 -5.116838e-01
4.950000e+02 -3.976515e-01
4.953000e+02 -3.170920e-01
4.956000e+02 -2.565946e-01
4.959000e+02 -1.600058e-01
4.962000e+02 -4.145312e-02
4.965000e+02 9.466108e-02
4.968000e+02 2.183762e-01
4.971000e+02 3.148078e-01
4.974000e+02 3.744583e-01
4.977000e+02 3.596911e-01
4.980000e+02 3.346966e-01
4.983000e+02 3.780988e-01
4.986000e+02 6.493956e-01
4.989000e+02 8.362639e-01
4.992000e+02 7.529747e-01
4.995000e+02 5.816311e-01
4.998000e+02 5.239613e-01
5.001000e+02 5.730688e-01
5.004000e+02 6.129279e-01
5.007000e+02 5.622065e-01
5.010000e+02 4.694204e-01
5.013000e+02 3.084880e-01
5.016000e+02 1.448676e-01
5.019000e+02 3.558584e-02
5.022000e+02 -4.331835e-02
5.025000e+02 -1.405892e-01
5.028000e+02 -3.297523e-01
5.031000e+02 -5.583666e-01
5.034000e+02 -7.859584e-01
5.037000e+02 -1.009263e+00
5.040000e+02 -1.201233e+00
5.043000e+02 -1.290023e+00
5.046000e+02 -1.197395e+00
5.049000e+02 -9.746520e-01
5.052000e+02 -8.132294e-01
5.055000e+02 -8.204211e-01
5.058000e+02 -8.471499e-01
5.061000e+02 -7.934803e-01
5.064000e+02 -6.865564e-01
5.067000e+02 -5.422507e-01
5.070000e+02 -4.055635e-01
5.073000e+02 -3.435744e-01
5.076000e+02 -2.912024e-01
5.079000e+02 -1.976891e-01
5.082000e+02 -8.255721e-02
5.085000e+02 2.523298e-02
5.088000e+02 1.176624e-01
5.091000e+02 1.656291e-01
5.094000e+02 2.118105e-01
5.097000e+02 3.283072e-01
5.100000e+02 6.144765e-01
5.103000e+02 8.714136e-01
5.106000e+02 8.480534e-01
5.109000e+02 7.244573e-01
5.112000e+02 7.016181e-01
5.115000e+02 8.075306e-01
5.118000e+02 8.991169e-01
5.121000e+02 9.239951e-01
5.124000e+02 9.044384e-01
5.127000e+02 8.563320e-01
5.130000e+02 7.791067e-01
5.133000e+02 6.851137e-01
5.136000e+02 5.232606e-01
5.139000e+02 3.546463e-01
5.142000e+02 1.769239e-01
5.145000e+02 -6.595610e-02
5.148000e+02 -3.354776e-01
5.151000e+02 -6.038576e-01
5.154000e+02 -8.065136e-01
5.157000e+02 -9.057012e-01
5.160000e+02 -9.931847e-01
5.163000e+02 -1.068871e+00
5.166000e+02 -1.092203e+00
5.169000e+02 -1.105714e+00
5.172000e+02 -1.091984e+00
5.175000e+02 -1.101008e+00
5.178000e+02 -1.076551e+00
5.181000e+02 -9.959083e-01
5.184000e+02 -8.334169e-01
5.187000e+02 -6.729681e-01
5.190000e+02 -5.220732e-01
5.193000e+02 -4.044488e-01
5.196000e+02 -3.310351e-01
5.199000e+02 -2.414555e-01
5.202000e+02 -1.085479e-01
5.205000e+02 -9.131115e-03
5.208000e+02 7.112846e-02
5.211000e+02 1.731392e-01
5.214000e+02 2.882575e-01
5.217000e+02 3.418814e-01
5.220000e+02 3.789228e-01
5.223000e+02 3.387271e-01
5.226000e+02 3.150666e-01
5.229000e+02 4.404536e-01
5.232000e+02 5.559475e-01
5.235000e+02 6.364598e-01
5.238000e+02 6.811369e-01
5.241000e+02 6.447530e-01
5.244000e+02 5.799025e-01
5.247000e+02 4.577849e-01
5.250000e+02 3.009017e-01
